0.000
0.041
0.100
0.842
0.424
0.828
0.807
0.828
0.345
0.094
0.661
0.434
0.950
0.416
0.554
0.732
0.283
0.906
0.217
0.635
0.283
0.259
0.486
0.497
0.020
0.813
0.320
0.021
0.339
0.781
0.768
0.627
0.842
0.078
0.449
0.048
0.149
0.167
0.011
0.502
0.759
0.506
0.442
0.073
0.316
0.786
0.711
0.308
0.347
0.198
0.533
0.627
0.719
0.140
0.635
0.206
0.061
0.279
0.542
0.067
0.811
0.951
0.736
0.775
0.531
0.355
0.340
0.846
0.393
0.308
0.314
0.600
0.803
0.842
0.453
0.129
0.240
0.224
0.803
0.003
0.366
0.831
0.129
0.947
0.341
0.580
0.423
0.014
0.824
0.700
0.012
0.583
0.221
0.989
0.005
0.202
0.280
0.595
0.061
0.307
0.726
0.896
0.978
0.505
0.903
0.298
0.306
0.106
0.813
0.012
0.680
0.448
0.522
0.044
0.972
0.807
0.371
0.768
0.058
0.935
0.419
0.010
0.193
0.134
0.974
0.901
0.009
0.546
0.466
0.212
0.957
0.448
0.686
0.401
0.613
0.088
0.885
0.791
0.975
0.737
0.998
0.737
0.184
0.741
0.086
0.028
0.851
0.679
0.697
0.175
0.141
0.819
0.005
0.303
0.173
0.817
0.850
0.476
0.892
0.942
0.482
0.607
0.810
0.981
0.031
0.975
0.521
0.811
0.695
0.151
0.989
0.777
0.402
0.443
0.960
0.673
0.115
0.283
0.150
0.004
0.393
0.642
0.141
0.994
0.966
0.821
0.733
0.602
0.658
0.221
0.599
0.631
0.770
0.888
0.738
0.162
0.561
0.965
0.532
0.911
0.683
0.680
0.301
0.118
0.539
0.058
0.853
0.065
0.843
0.189
0.791
0.031
0.809
0.434
0.019
0.246
0.457
0.746
0.935
0.482
0.597
0.308
0.481
0.577
0.504
0.476
0.845
0.155
0.393
0.546
0.763
0.371
0.932
0.235
0.415
0.695
0.127
0.870
0.137
0.611
0.293
0.904
0.858
0.316
0.937
0.629
0.975
0.822
0.762
0.520
0.063
0.257
0.722
0.668
0.884
0.006
0.090
0.415
0.366
0.216
0.440
0.667
0.917
0.374
0.080
0.817
0.071
0.868
0.972
0.075
0.695
0.610
0.200
0.050
0.233
0.744
0.512
0.670
0.961
0.324
0.215
0.390
0.697
0.402
0.290
0.091
0.093
0.914
0.929
0.052
0.096
0.514
0.386
0.131
0.000
0.806
0.566
0.236
0.952
0.627
0.202
0.978
0.501
0.895
0.571
0.791
0.228
0.129
0.918
0.588
0.241
0.148
0.173
0.389
0.675
0.919
0.996
0.919
0.969
0.502
0.141
0.661
0.493
0.803
0.354
0.888
0.850
0.575
0.048
0.179
0.309
0.702
0.498
0.503
0.897
0.769
0.656
0.804
0.138
0.945
0.367
0.686
0.705
0.635
0.732
0.615
0.253
0.620
0.760
0.306
0.532
0.909
0.744
0.346
0.628
0.674
0.782
0.738
0.556
0.581
0.157
0.814
0.913
0.008
0.033
0.828
0.680
0.448
0.372
0.822
0.760
0.053
0.584
0.178
0.366
0.369
0.963
0.691
0.586
0.085
0.694
0.738
0.605
0.637
0.494
0.857
0.444
0.737
0.814
0.362
0.632
0.215
0.582
0.339
0.811
0.191
0.232
0.066
0.825
0.939
0.114
0.740
0.049
0.094
0.290
0.685
0.428
0.697
0.746
0.146
0.700
0.133
0.546
0.703
0.454
0.914
0.473
0.924
0.245
0.825
0.535
0.676
0.825
0.135
0.812
0.389
0.812
0.358
0.958
0.861
0.190
0.924
0.961
0.872
0.378
0.708
0.855
0.935
0.557
0.231
0.798
0.444
0.607
0.978
0.183
0.546
0.639
0.589
0.427
0.130
0.726
0.848
0.737
0.891
0.743
0.685
0.800
0.733
0.373
0.361
0.537
0.898
0.315
0.132
0.386
0.928
0.022
0.599
0.985
0.305
0.754
0.672
0.490
0.748
0.767
0.589
0.515
0.056
0.459
0.717
0.118
0.231
0.935
0.829
0.911
0.150
0.803
0.473
0.740
0.272
0.007
0.689
0.250
0.603
0.787
0.295
0.821
0.063
0.144
0.501
0.123
0.623
0.950
0.753
0.137
0.903
0.692
0.766
0.607
0.305
0.246
0.134
0.962
0.232
0.668
0.750
0.794
0.510
0.922
0.003
0.275
0.724
0.225
0.504
0.470
0.253
0.904
0.011
0.636
0.912
0.487
0.141
0.611
0.683
0.479
0.596
0.548
0.641
0.452
0.606
0.396
0.624
0.425
0.327
0.855
0.579
0.015
0.349
0.308
0.119
0.094
0.401
0.924
0.463
0.641
0.665
0.560
0.292
0.043
0.774
0.902
0.986
0.063
0.947
0.119
0.312
0.799
0.254
0.154
0.920
0.640
0.651
0.518
0.036
0.218
0.601
0.922
0.069
0.429
0.980
0.214
0.390
0.513
0.358
0.802
0.333
0.332
0.331
0.289
0.963
0.893
0.946
0.742
0.749
0.082
0.288
0.849
0.440
0.531
0.658
0.377
0.181
0.886
0.192
0.167
0.072
0.486
0.459
0.939
0.284
0.595
0.898
0.907
0.939
0.234
0.411
0.633
0.798
0.157
0.967
0.802
0.529
0.327
0.231
0.415
0.943
0.233
0.379
0.274
0.682
0.932
0.732
0.768
0.759
0.658
0.225
0.866
0.719
0.319
0.381
0.140
0.067
0.582
0.395
0.265
0.791
0.810
0.085
0.619
0.476
0.089
0.942
0.975
0.816
0.182
0.525
0.030
0.324
0.690
0.697
0.699
0.368
0.115
0.558
0.624
0.495
0.626
0.555
0.025
0.811
0.919
0.161
0.345
0.902
0.906
0.883
0.762
0.907
0.663
0.398
0.644
0.468
0.748
0.666
0.832
0.945
0.571
0.702
0.663
0.783
0.251
0.091
0.355
0.045
0.016
0.433
0.338
0.629
0.021
0.754
0.176
0.590
0.134
0.195
0.326
0.706
0.585
0.997
0.487
0.510
0.117
0.852
0.957
0.940
0.443
0.298
0.140
0.287
0.766
0.586
0.154
0.373
0.720
0.485
0.112
0.527
0.208
0.138
0.618
0.234
0.599
0.048
0.997
0.510
0.647
0.552
0.396
0.277
0.592
0.401
0.911
0.143
0.484
0.060
0.724
0.119
0.379
0.492
0.695
0.135
0.044
0.160
0.030
0.831
0.210
0.300
0.071
0.571
0.890
0.566
0.945
0.890
0.313
0.214
0.132
0.447
0.349
0.347
0.651
0.706
0.975
0.642
0.569
0.783
0.302
0.438
0.608
0.365
0.724
0.021
0.285
0.864
0.784
0.801
0.974
0.645
0.023
0.890
0.311
0.429
0.928
0.529
0.729
0.340
0.326
0.719
0.080
0.601
0.142
0.690
0.865
0.015
0.660
0.722
0.885
0.796
0.658
0.383
0.997
0.468
0.762
0.072
0.200
0.914
0.109
0.773
0.275
0.540
0.180
0.231
0.742
0.204
0.026
0.381
0.230
0.988
0.634
0.629
0.574
0.718
0.004
0.987
0.517
0.321
0.558
0.636
0.482
0.319
0.012
0.669
0.011
0.119
0.292
0.086
0.370
0.556
0.126
0.944
0.159
0.058
0.849
0.350
0.924
0.395
0.358
0.524
0.165
0.477
0.321
0.578
0.161
0.597
0.485
0.567
0.969
0.315
0.804
0.583
0.597
0.152
0.704
0.380
0.916
0.932
0.576
0.226
0.726
0.495
0.898
0.139
0.459
0.277
0.676
0.785
0.395
0.217
0.491
0.449
0.322
0.939
0.392
0.780
0.870
0.419
0.467
0.841
0.251
0.331
0.038
0.679
0.440
0.436
0.860
0.610
0.612
0.713
0.069
0.083
0.658
0.710
0.093
0.644
0.680
0.363
0.660
0.826
0.650
0.565
0.639
0.993
0.236
0.518
0.256
0.144
0.949
0.295
0.206
0.874
0.252
0.932
0.924
0.023
0.408
0.480
0.525
0.081
0.369
0.409
0.681
0.367
0.606
0.026
0.437
0.884
0.010
0.330
0.554
0.443
0.460
0.248
0.788
0.410
0.600
0.213
0.129
0.592
0.118
0.058
0.430
0.188
0.643
0.725
0.269
0.877
0.928
0.474
0.760
0.680
0.181
0.667
0.577
0.148
0.083
0.998
0.718
0.453
0.161
0.114
0.999
0.874
0.182
0.332
0.057
0.642
0.679
0.979
0.679
0.239
0.422
0.835
0.354
0.108
0.544
0.555
0.038
0.294
0.814
0.587
0.998
0.308
0.414
0.539
0.874
0.845
0.791
0.871
0.906
0.509
0.597
0.101
0.993
0.200
0.253
0.379
0.992
0.827
0.624
0.917
0.043
0.297
0.185
0.488
0.901
0.619
0.685
0.931
0.628
0.739
0.679
0.069
0.892
0.849
0.166
0.233
0.161
0.024
0.451
0.883
0.427
0.915
0.846
0.821
0.496
0.974
0.576
0.467
0.934
0.822
0.766
0.026
0.558
0.015
0.143
0.378
0.862
0.710
0.076
0.383
0.274
0.775
0.396
0.870
0.798
0.466
0.523
0.214
0.191
0.829
0.715
0.440
0.921
0.420
0.207
0.332
0.654
0.465
0.157
0.452
0.442
0.119
0.189
0.684
0.157
0.177
0.985
0.748
0.378
0.863
0.697
0.330
0.795
0.349
0.051
0.258
0.748
0.021
0.642
0.149
0.003
0.889
0.496
0.023
0.523
0.230
0.144
0.617
0.174
0.616
0.470
0.085
0.419
0.054
0.691
0.368
0.569
0.176
0.961
0.531
0.761
0.050
0.943
0.378
0.426
0.463
0.788
0.398
0.489
0.561
0.731
0.389
0.015
0.030
0.765
0.402
0.088
0.461
0.977
0.965
0.842
0.872
0.532
0.163
0.817
0.624
0.418
0.789
0.482
0.558
0.572
0.407
0.272
0.520
0.408
0.880
0.193
0.093
0.155
0.624
0.812
0.336
0.807
0.157
0.996
0.935
0.655
0.254
0.229
0.731
0.402
0.018
0.756
0.741
0.577
0.258
0.432
0.981
0.065
0.699
0.379
0.970
0.554
0.359
0.803
0.093
0.390
0.380
0.010
0.688
0.838
0.794
0.406
0.859
0.597
0.949
0.259
0.617
0.435
0.604
0.645
0.068
0.536
0.150
0.916
0.105
0.725
0.240
0.736
0.065
0.431
0.312
0.946
0.442
0.235
0.931
0.506
0.175
0.008
0.876
0.318
0.951
0.041
0.878
0.815
0.809
0.806
0.697
0.820
0.082
0.462
0.345
0.315
0.371
0.964
0.440
0.627
0.925
0.887
0.632
0.073
0.917
0.354
0.139
0.609
0.712
0.725
0.530
0.362
0.447
0.083
0.510
0.597
0.728
0.491
0.880
0.270
0.744
0.757
0.270
0.025
0.734
0.600
0.011
0.757
0.392
0.141
0.981
0.248
0.851
0.888
0.879
0.817
0.451
0.510
0.927
0.832
0.712
0.024
0.079
0.149
0.736
0.688
0.525
0.413
0.250
0.213
0.265
0.254
0.318
0.790
0.200
0.507
0.768
0.564
0.295
0.521
0.443
0.866
0.199
0.280
0.097
0.823
0.106
0.042
0.361
0.258
0.326
0.950
0.987
0.401
0.657
0.124
0.706
0.551
0.360
0.873
0.906
0.874
0.861
0.544
0.889
0.274
0.502
0.494
0.410
0.234
0.770
0.170
0.541
0.573
0.516
0.670
0.247
0.921
0.064
0.941
0.520
0.901
0.060
0.418
0.276
0.896
0.945
0.383
0.627
0.701
0.645
0.731
0.811
0.601
0.210
0.322
0.849
0.563
0.904
0.344
0.975
0.296
0.504
0.325
0.154
0.758
0.916
0.654
0.650
0.716
0.873
0.726
0.768
0.851
0.357
0.121
0.481
0.102
0.622
0.240
0.777
0.532
0.283
0.216
0.519
0.248
0.051
0.989
0.698
0.560
0.654
0.871
0.709
0.435
0.829
0.697
0.892
0.353
0.777
0.469
0.501
0.699
0.439
0.951
0.228
0.983
0.787
0.230
0.982
0.772
0.409
0.700
0.902
0.678
0.609
0.696
0.844
0.019
0.047
0.969
0.100
0.630
0.736
0.545
0.301
0.021
0.140
0.104
0.753
0.562
0.917
0.668
0.022
0.843
0.796
0.148
0.221
0.078
0.815
0.238
0.660
0.980
0.972
0.792
0.246
0.120
0.679
0.353
0.520
0.459
0.359
0.406
0.222
0.499
0.100
0.356
0.879
0.945
0.631
0.102
0.399
0.509
0.970
0.525
0.286
0.627
0.120
0.561
0.311
0.038
0.164
0.060
0.026
0.226
0.490
0.819
0.421
0.341
0.785
0.586
0.499
0.863
0.983
0.522
0.271
0.666
0.450
0.729
0.914
0.097
0.624
0.073
0.063
0.829
0.285
0.816
0.510
0.509
0.147
0.338
0.780
0.994
0.226
0.053
0.244
0.830
0.498
0.838
0.014
0.688
0.156
0.538
0.010
0.967
0.719
0.879
0.662
0.369
0.357
0.180
0.105
0.712
0.975
0.495
0.523
0.730
0.966
0.755
0.254
0.605
0.225
0.043
0.785
0.655
0.788
0.913
0.311
0.706
0.226
0.100
0.848
0.456
0.691
0.312
0.490
0.645
0.944
0.581
0.718
0.911
0.123
0.262
0.881
0.596
0.112
0.174
0.402
0.886
0.247
0.729
0.448
0.994
0.356
0.217
0.428
0.840
0.964
0.029
0.863
0.023
0.421
0.388
0.913
0.588
0.285
0.245
0.009
0.564
0.095
0.242
0.570
0.399
0.959
0.131
0.797
0.774
0.414
0.347
0.113
0.960
0.728
0.024
0.699
0.260
0.009
0.997
0.968
0.964
0.327
0.177
0.003
0.956
0.245
0.032
0.627
0.657
0.618
0.729
0.370
0.735
0.471
0.075
0.213
0.783
0.799
0.068
0.115
0.025
0.836
0.216
0.102
0.997
0.236
0.332
0.574
0.782
0.502
0.454
0.744
0.137
0.967
0.223
0.051
0.889
0.610
0.826
0.990
0.986
0.532
0.151
0.050
0.944
0.907
0.865
0.260
0.400
0.422
0.459
0.891
0.120
0.960
0.895
0.204
0.500
0.735
0.683
0.540
0.329
0.643
0.917
0.913
0.899
0.931
0.954
0.476
0.933
0.288
0.599
0.089
0.593
0.928
0.167
0.378
0.318
0.940
0.209
0.639
0.814
0.358
0.890
0.731
0.437
0.133
0.174
0.223
0.404
0.596
0.231
0.400
0.363
0.965
0.822
0.112
0.048
0.222
0.941
0.114
0.894
0.849
0.150
0.046
0.307
0.261
0.830
0.640
0.938
0.198
0.645
0.349
0.851
0.146
0.707
0.718
0.808
0.289
0.194
0.088
0.879
0.032
0.436
0.450
0.469
0.840
0.767
0.315
0.303
0.066
0.413
0.230
0.898
0.357
0.077
0.482
0.551
0.271
0.672
0.049
0.571
0.781
0.968
0.680
0.088
0.055
0.301
0.468
0.541
0.891
0.941
0.839
0.506
0.867
0.191
0.929
0.501
0.922
0.780
0.260
0.705
0.834
0.416
0.416
0.104
0.881
0.713
0.802
0.618
0.532
0.993
0.560
0.600
0.295
0.174
0.044
0.198
0.942
0.979
0.258
0.268
0.465
0.830
0.580
0.076
0.189
0.813
0.804
0.570
0.025
0.605
0.989
0.456
0.250
0.511
0.907
0.984
0.737
0.966
0.691
0.863
0.209
0.179
0.467
0.576
0.346
0.745
0.976
0.614
0.387
0.862
0.644
0.505
0.697
0.833
0.077
0.373
0.076
0.180
0.859
0.643
0.297
0.235
0.999
0.408
0.952
0.977
0.145
0.094
0.443
0.578
0.795
0.754
0.262
0.346
0.958
0.847
0.504
0.184
0.912
0.262
0.072
0.374
0.054
0.060
0.137
0.812
0.592
0.943
0.178
0.954
0.201
0.676
0.954
0.460
0.295
0.881
0.816
0.531
0.672
0.126
0.660
0.113
0.223
0.521
0.019
0.847
0.370
0.129
0.541
0.095
0.724
0.455
0.868
0.676
0.632
0.565
0.029
0.272
0.691
0.298
0.390
0.450
0.254
0.727
0.831
0.079
0.038
0.455
0.978
0.360
0.513
0.263
0.712
0.357
0.372
0.653
0.950
0.660
0.314
0.681
0.932
0.052
0.805
0.620
0.684
0.432
0.052
0.775
0.331
0.403
0.266
0.774
0.186
0.897
0.636
0.945
0.907
0.248
0.141
0.216
0.415
0.604
0.207
0.058
0.613
0.804
0.417
0.743
0.660
0.222
0.903
0.089
0.336
0.917
0.389
0.607
0.964
0.640
0.540
0.087
0.008
0.290
0.225
0.363
0.731
0.376
0.286
0.900
0.333
0.625
0.708
0.200
0.856
0.748
0.140
0.098
0.001
0.906
0.145
0.949
0.244
0.506
0.334
0.188
0.555
0.677
0.069
0.988
0.847
0.579
0.502
0.835
0.908
0.135
0.885
0.139
0.708
0.462
0.043
0.293
0.193
0.801
0.447
0.845
0.649
0.448
0.670
0.382
0.376
0.442
0.377
0.100
0.688
0.865
0.730
0.785
0.580
0.435
0.135
0.909
0.486
0.626
0.120
0.841
0.762
0.639
0.397
0.832
0.593
0.808
0.973
0.715
0.631
0.379
0.658
0.272
0.750
0.409
0.182
0.979
0.425
0.521
0.559
0.871
0.812
0.705
0.572
0.797
0.957
0.737
0.890
0.151
0.847
0.257
0.408
0.202
0.090
0.087
0.535
0.445
0.210
0.112
0.074
0.850
0.388
0.555
0.160
0.075
0.759
0.225
0.957
0.245
0.935
0.020
0.362
0.523
0.112
0.866
0.447
0.393
0.357
0.617
0.896
0.370
0.231
0.815
0.021
0.849
0.854
0.554
0.833
0.325
0.361
0.557
0.898
0.738
0.214
0.908
0.216
0.991
0.956
0.037
0.325
0.591
0.481
0.809
0.806
0.765
0.635
0.874
0.135
0.082
0.502
0.805
0.312
0.890
0.299
0.405
0.577
0.226
0.004
0.118
0.336
0.874
0.077
0.082
0.988
0.199
0.783
0.237
0.232
0.806
0.448
0.378
0.376
0.723
0.476
0.094
0.046
0.995
0.152
0.610
0.396
0.657
0.132
0.131
0.180
0.936
0.792
0.442
0.364
0.406
0.355
0.470
0.496
0.041
0.812
0.489
0.013
0.260
0.506
0.426
0.190
0.552
0.690
0.824
0.966
0.141
0.542
0.649
0.393
0.520
0.962
0.538
0.201
0.001
0.078
0.947
0.574
0.405
0.317
0.839
0.709
0.914
0.331
0.621
0.923
0.017
0.200
0.726
0.871
0.137
0.903
0.793
0.661
0.883
0.035
0.845
0.962
0.211
0.674
0.346
0.966
0.132
0.450
0.735
0.868
0.329
0.866
0.511
0.597
0.123
0.353
0.597
0.423
0.072
0.757
0.912
0.157
0.543
0.295
0.242
0.320
0.814
0.491
0.454
0.506
0.276
0.717
0.395
0.707
0.799
0.812
0.512
0.292
0.350
0.367
0.541
0.025
0.343
0.740
0.803
0.881
0.512
0.227
0.258
0.262
0.079
0.226
0.424
0.474
0.550
0.158
0.547
0.681
0.444
0.337
0.364
0.503
0.128
0.485
0.127
0.466
0.192
0.076
0.709
0.123
0.656
0.547
0.662
0.820
0.266
0.553
0.142
0.036
0.825
0.184
0.289
0.257
0.469
0.235
0.524
0.135
0.429
0.515
0.976
0.790
0.195
0.017
0.000
0.238
0.515
0.232
0.127
0.949
0.756
0.082
0.265
0.779
0.568
0.517
0.623
0.429
0.989
0.369
0.675
0.865
0.892
0.263
0.622
0.967
0.663
0.716
0.561
0.709
0.535
0.865
0.960
0.979
0.455
0.826
0.110
0.046
0.608
0.516
0.087
0.648
0.646
0.944
0.507
0.292
0.275
0.273
0.249
0.645
0.853
0.751
0.824
0.804
0.646
0.811
0.824
0.807
0.466
0.906
0.988
0.049
0.985
0.574
0.116
0.725
0.982
0.423
0.625
0.472
0.797
0.186
0.353
0.092
0.839
0.512
0.267
0.884
0.658
0.920
0.575
0.351
0.976
0.998
0.136
0.614
0.230
0.564
0.010
0.314
0.020
0.387
0.957
0.208
0.441
0.241
0.348
0.260
0.768
0.077
0.259
0.941
0.156
0.445
0.103
0.014
0.607
0.929
0.746
0.584
0.261
0.966
0.388
0.177
0.084
0.898
0.478
0.134
0.411
0.073
0.619
0.665
0.463
0.084
0.378
0.338
0.166
0.858
0.362
0.912
0.545
0.236
0.753
0.961
0.900
0.970
0.317
0.356
0.688
0.088
0.024
0.466
0.400
0.536
0.897
0.192
0.002
0.754
0.173
0.358
0.887
0.862
0.718
0.122
0.814
0.335
0.444
0.596
0.192
0.534
0.843
0.542
0.157
0.880
0.280
0.649
0.491
0.195
0.407
0.132
0.870
0.673
0.261
0.009
0.902
0.368
0.572
0.656
0.805
0.760
0.475
0.052
0.079
0.473
0.366
0.847
0.845
0.814
0.652
0.023
0.777
0.066
0.240
0.349
0.010
0.758
0.210
0.402
0.647
0.276
0.051
0.237
0.305
0.383
0.719
0.019
0.596
0.350
0.492
0.070
0.617
0.277
0.599
0.226
0.990
0.689
0.389
0.617
0.995
0.379
0.300
0.729
0.642
0.978
0.410
0.214
0.031
0.397
0.746
0.331
0.070
0.262
0.338
0.370
0.789
0.876
0.247
0.135
0.573
0.555
0.565
0.911
0.846
0.324
0.967
0.585
0.124
0.220
0.288
0.103
0.375
0.180
0.186
0.206
0.284
0.451
0.108
0.994
0.107
0.127
0.005
0.804
0.004
0.456
0.588
0.374
0.519
0.282
0.774
0.386
0.058
0.864
0.064
0.402
0.056
0.991
0.784
0.305
0.405
0.132
0.350
0.985
0.462
0.387
0.101
0.579
0.715
0.050
0.026
0.218
0.635
0.029
0.184
0.784
0.056
0.546
0.202
0.526
0.990
0.962
0.204
0.761
0.565
0.475
0.936
0.183
0.894
0.130
0.335
0.982
0.911
0.302
0.711
0.955
0.179
0.120
0.622
0.960
0.863
0.016
0.564
0.057
0.014
0.676
0.314
0.682
0.715
0.699
0.213
0.792
0.349
0.744
0.705
0.548
0.792
0.764
0.353
0.446
0.266
0.976
0.662
0.172
0.052
0.424
0.756
0.156
0.210
0.554
0.737
0.852
0.615
0.280
0.101
0.613
0.717
0.601
0.704
0.943
0.396
0.045
0.365
0.134
0.277
0.581
0.219
0.382
0.962
0.449
0.228
0.693
0.135
0.394
0.463
0.093
0.956
0.931
0.267
0.499
0.122
0.247
0.371
0.883
0.798
0.989
0.707
0.315
0.535
0.292
0.264
0.294
0.279
0.746
0.805
0.666
0.863
0.600
0.328
0.050
0.938
0.980
0.238
0.377
0.595
0.138
0.099
0.595
0.390
0.272
0.767
0.275
0.020
0.291
0.267
0.367
0.473
0.850
0.949
0.997
0.643
0.296
0.463
0.118
0.819
0.199
0.054
0.816
0.252
0.088
0.909
0.647
0.843
0.669
0.088
0.286
0.025
0.790
0.630
0.900
0.346
0.192
0.535
0.109
0.334
0.136
0.576
0.425
0.528
0.281
0.169
0.001
0.087
0.114
0.138
0.875
0.925
0.496
0.943
0.019
0.992
0.728
0.490
0.721
0.114
0.934
0.426
0.934
0.453
0.086
0.035
0.728
0.796
0.010
0.919
0.206
0.206
0.886
0.773
0.122
0.390
0.253
0.832
0.269
0.626
0.365
0.973
0.839
0.647
0.635
0.301
0.907
0.706
0.056
0.525
0.453
0.944
0.767
0.010
0.892
0.326
0.328
0.838
0.985
0.662
0.920
0.820
0.947
0.286
0.185
0.819
0.251
0.227
0.781
0.140
0.369
0.001
0.431
0.496
0.475
0.182
0.235
0.873
0.399
0.611
0.990
0.204
0.840
0.637
0.781
0.458
0.990
0.952
0.897
0.150
0.547
0.041
0.658
0.795
0.306
0.101
0.494
0.723
0.151
0.597
0.119
0.156
0.020
0.939
0.213
0.109
0.506
0.032
0.041
0.477
0.310
0.714
0.791
0.425
0.509
0.631
0.292
0.163
0.900
0.546
0.531
0.848
0.092
0.750
0.313
0.704
0.021
0.308
0.563
0.427
0.686
0.681
0.126
0.916
0.963
0.878
0.433
0.559
0.891
0.837
0.349
0.713
0.723
0.240
0.417
0.731
0.513
0.543
0.488
0.481
0.320
0.514
0.109
0.288
0.162
0.998
0.783
0.670
0.485
0.491
0.800
0.471
0.567
0.001
0.189
0.399
0.755
0.679
0.268
0.949
0.445
0.386
0.908
0.696
0.983
0.579
0.942
0.172
0.090
0.608
0.360
0.269
0.706
0.916
0.458
0.491
0.540
0.965
0.065
0.428
0.867
0.490
0.710
0.028
0.985
0.245
0.906
0.216
0.968
0.933
0.849
0.348
0.997
0.305
0.673
0.539
0.749
0.073
0.259
0.405
0.102
0.037
0.210
0.470
0.798
0.325
0.744
0.879
0.003
0.532
0.344
0.543
0.704
0.509
0.977
0.277
0.688
0.308
0.238
0.776
0.338
0.706
0.782
0.318
0.964
0.081
0.413
0.949
0.462
0.656
0.144
0.301
0.956
0.000
0.195
0.546
0.549
0.777
0.128
0.450
0.496
0.301
0.952
0.431
0.681
0.120
0.129
0.375
0.350
0.420
0.482
0.720
0.937
0.325
0.098
0.712
0.578
0.252
0.510
0.601
0.343
0.038
0.460
0.715
0.582
0.096
0.392
0.479
0.156
0.930
0.274
0.489
0.376
0.628
0.969
0.064
0.886
0.006
0.759
0.229
0.435
0.573
0.972
0.967
0.973
0.986
0.112
0.576
0.239
0.495
0.100
0.661
0.888
0.977
0.632
0.728
0.750
0.434
0.475
0.113
0.306
0.022
0.609
0.128
0.160
0.317
0.227
0.518
0.879
0.910
0.462
0.886
0.417
0.015
0.167
0.120
0.702
0.487
0.550
0.080
0.658
0.512
0.278
0.099
0.408
0.028
0.091
0.163
0.487
0.241
0.763
0.659
0.921
0.367
0.157
0.759
0.678
0.859
0.348
0.507
0.843
0.099
0.783
0.800
0.659
0.128
0.607
0.594
0.002
0.052
0.950
0.461
0.086
0.423
0.973
0.591
0.524
0.294
0.280
0.051
0.617
0.056
0.565
0.337
0.494
0.754
0.268
0.512
0.903
0.899
0.640
0.963
0.526
0.558
0.684
0.861
0.550
0.737
0.379
0.046
0.009
0.058
0.291
0.901
0.974
0.178
0.995
0.651
0.481
0.926
0.954
0.915
0.238
0.422
0.907
0.145
0.234
0.808
0.017
0.322
0.621
0.357
0.228
0.133
0.034
0.600
0.336
0.097
0.056
0.924
0.870
0.730
0.476
0.560
0.249
0.749
0.533
0.740
0.910
0.015
0.700
0.045
0.968
0.892
0.834
0.375
0.592
0.224
0.870
0.473
0.164
0.847
0.490
0.878
0.875
0.548
0.692
0.588
0.831
0.447
0.955
0.013
0.116
0.058
0.724
0.334
0.144
0.416
0.608
0.513
0.678
0.871
0.958
0.863
0.896
0.255
0.919
0.462
0.434
0.454
0.148
0.181
0.415
0.580
0.115
0.528
0.824
0.513
0.006
0.043
0.382
0.877
0.791
0.445
0.505
0.846
0.720
0.589
0.276
0.138
0.066
0.707
0.439
0.271
0.083
0.926
0.597
0.952
0.548
0.476
0.120
0.889
0.103
0.905
0.473
0.213
0.908
0.850
0.132
0.833
0.661
0.028
0.235
0.222
0.543
0.116
0.635
0.534
0.431
0.726
0.653
0.268
0.774
0.101
0.185
0.851
0.875
0.400
0.736
0.699
0.115
0.140
0.018
0.537
0.781
0.042
0.088
0.430
0.411
0.341
0.959
0.221
0.497
0.569
0.342
0.974
0.273
0.953
0.118
0.152
0.667
0.361
0.940
0.404
0.600
0.957
0.490
0.637
0.262
0.399
0.881
0.211
0.244
0.396
0.079
0.546
0.308
0.569
0.891
0.621
0.205
0.014
0.033
0.647
0.762
0.089
0.296
0.475
0.203
0.562
0.168
0.316
0.150
0.517
0.615
0.692
0.826
0.881
0.251
0.166
0.303
0.866
0.755
0.410
0.786
0.954
0.354
0.603
0.993
0.692
0.961
0.878
0.450
0.839
0.645
0.861
0.017
0.078
0.841
0.031
0.831
0.914
0.985
0.478
0.116
0.791
0.479
0.222
0.339
0.155
0.837
0.758
0.980
0.130
0.491
0.257
0.289
0.516
0.915
0.031
0.630
0.974
0.935
0.305
0.315
0.975
0.470
0.536
0.128
0.018
0.827
0.000
0.738
0.305
0.688
0.744
0.478
0.950
0.039
0.019
0.095
0.197
0.158
0.831
0.159
0.949
0.669
0.050
0.642
0.702
0.253
0.541
0.505
0.559
0.912
0.627
0.927
0.467
0.726
0.387
0.168
0.367
0.694
0.485
0.692
0.854
0.133
0.147
0.482
0.191
0.152
0.546
0.887
0.353
0.987
0.182
0.063
0.688
0.140
0.643
0.610
0.082
0.289
0.696
0.622
0.766
0.147
0.421
0.556
0.471
0.304
0.907
0.347
0.977
0.322
0.153
0.011
0.779
0.264
0.736
0.037
0.158
0.992
0.663
0.376
0.292
0.404
0.163
0.699
0.211
0.071
0.709
0.965
0.072
0.973
0.399
0.835
0.631
0.291
0.750
0.259
0.316
0.971
0.670
0.528
0.329
0.462
0.593
0.646
0.490
0.958
0.836
0.978
0.251
0.051
0.586
0.770
0.226
0.663
0.804
0.206
0.608
0.681
0.537
0.064
0.145
0.360
0.021
0.956
0.941
0.677
0.014
0.854
0.439
0.850
0.545
0.621
0.048
0.949
0.003
0.362
0.543
0.538
0.284
0.228
0.226
0.491
0.907
0.400
0.126
0.192
0.203
0.130
0.281
0.877
0.033
0.006
0.459
0.496
0.683
0.976
0.500
0.192
0.276
0.535
0.306
0.991
0.798
0.197
0.635
0.225
0.896
0.308
0.490
0.641
0.233
0.680
0.948
0.839
0.904
0.863
0.034
0.462
0.836
0.869
0.309
0.556
0.175
0.752
0.164
0.974
0.483
0.259
0.110
0.343
0.338
0.452
0.913
0.243
0.467
0.393
0.258
0.846
0.067
0.591
0.355
0.266
0.368
0.618
0.921
0.227
0.271
0.975
0.911
0.515
0.765
0.370
0.622
0.698
0.870
0.310
0.257
0.924
0.178
0.246
0.807
0.050
0.370
0.176
0.910
0.758
0.982
0.151
0.236
0.211
0.478
0.558
0.941
0.530
0.733
0.443
0.008
0.454
0.016
0.100
0.348
0.512
0.725
0.878
0.004
0.279
0.771
0.442
0.729
0.419
0.587
0.369
0.123
0.127
0.219
0.377
0.652
0.068
0.717
0.689
0.407
0.845
0.867
0.263
0.316
0.392
0.714
0.331
0.190
0.728
0.253
0.311
0.378
0.083
0.711
0.696
0.945
0.170
0.203
0.491
0.064
0.865
0.493
0.137
0.902
0.845
0.344
0.891
0.098
0.678
0.181
0.512
0.407
0.384
0.399
0.128
0.114
0.242
0.292
0.169
0.857
0.010
0.828
0.358
0.619
0.298
0.174
0.330
0.041
0.995
0.575
0.072
0.949
0.990
0.670
0.862
0.236
0.667
0.315
0.130
0.822
0.072
0.449
0.259
0.558
1.000
0.961
0.221
0.763
0.349
0.121
0.039
0.056
0.468
0.397
0.703
0.550
0.328
0.244
0.155
0.717
0.450
0.397
0.087
0.698
0.739
0.768
0.315
0.753
0.978
0.019
0.159
0.779
0.456
0.642
0.842
0.699
0.140
0.923
0.062
0.204
0.722
0.547
0.886
0.569
0.099
0.114
0.419
0.708
0.485
0.496
0.815
0.205
0.137
0.021
0.953
0.574
0.624
0.091
0.917
0.471
0.438
0.003
0.938
0.274
0.899
0.626
0.188
0.600
0.512
0.900
0.034
0.733
0.944
0.514
0.847
0.880
0.026
0.290
0.868
0.591
0.058
0.473
0.664
0.337
0.684
0.010
0.751
0.026
0.409
0.272
0.762
0.814
0.330
0.519
0.641
0.311
0.781
0.533
0.582
0.059
0.380
0.437
0.192
0.083
0.847
0.822
0.985
0.071
0.131
0.980
0.778
0.193
0.324
0.330
0.178
0.029
0.546
0.853
0.192
0.111
0.654
0.270
0.569
0.794
0.049
0.324
0.013
0.236
0.105
0.270
0.158
0.549
0.131
0.499
0.873
0.289
0.123
0.558
0.462
0.955
0.966
0.239
0.761
0.847
0.987
0.901
0.111
0.801
0.291
0.463
0.848
0.285
0.180
0.704
0.017
0.394
0.317
0.774
0.460
0.713
0.821
0.865
0.132
0.540
0.345
0.197
0.378
0.442
0.234
0.088
0.719
0.184
0.933
0.341
0.386
0.325
0.040
0.440
0.415
0.782
0.236
0.292
0.651
0.495
0.277
0.679
0.621
0.998
0.563
0.149
0.883
0.921
0.678
0.538
0.971
0.557
0.232
0.877
0.356
0.886
0.688
0.084
0.465
0.571
0.131
0.598
0.319
0.836
0.846
0.816
0.734
0.904
0.325
0.772
0.863
0.621
0.117
0.162
0.400
0.885
0.647
0.699
0.209
0.179
0.770
0.108
0.854
0.570
0.797
0.759
0.288
0.885
0.324
0.696
0.427
0.540
0.002
0.451
0.886
0.154
0.485
0.969
0.069
0.113
0.213
0.480
0.475
0.130
0.726
0.577
0.188
0.779
0.650
0.584
0.865
0.016
0.496
0.758
0.220
0.151
0.505
0.274
0.977
0.216
0.024
0.200
0.964
0.206
0.869
0.147
0.933
0.997
0.841
0.346
0.462
0.035
0.589
0.728
0.724
0.635
0.281
0.935
0.418
0.247
0.772
0.854
0.001
0.195
0.310
0.901
0.479
0.781
0.889
0.677
0.790
0.997
0.661
0.780
0.052
0.085
0.837
0.427
0.539
0.697
0.846
0.529
0.465
0.860
0.892
0.309
0.571
0.077
0.075
0.574
0.075
0.906
0.988
0.578
0.656
0.692
0.232
0.935
0.232
0.681
0.012
0.526
0.531
0.152
0.690
0.704
0.497
0.642
0.779
0.942
0.791
0.172
0.940
0.209
0.399
0.302
0.518
0.064
0.602
0.092
0.558
0.179
0.156
0.320
0.414
0.151
0.681
0.956
0.185
0.245
0.909
0.741
0.170
0.796
0.144
0.112
0.132
0.177
0.955
0.757
0.465
0.053
0.551
0.712
0.887
0.614
0.549
0.985
0.128
0.441
0.169
0.348
0.351
0.987
0.502
0.036
0.448
0.150
0.477
0.038
0.605
0.982
0.674
0.666
0.286
0.886
0.149
0.393
0.257
0.163
0.429
0.590
0.666
0.265
0.851
0.531
0.304
0.626
0.676
0.018
0.064
0.494
0.827
0.718
0.533
0.812
0.291
0.884
0.215
0.272
0.103
0.537
0.160
0.990
0.375
0.956
0.963
0.979
0.988
0.123
0.436
0.572
0.933
0.960
0.974
0.528
0.737
0.977
0.904
0.596
0.685
0.633
0.263
0.675
0.517
0.121
0.637
0.516
0.672
0.928
0.059
0.095
0.043
0.843
0.043
0.366
0.879
0.191
0.131
0.558
0.104
0.920
0.671
0.969
0.230
0.224
0.815
0.927
0.173
0.480
0.864
0.886
0.780
0.704
0.707
0.988
0.134
0.835
0.837
0.989
0.815
0.349
0.083
0.924
0.844
0.888
0.515
0.439
0.874
0.145
0.430
0.468
0.331
0.086
0.479
0.623
0.206
0.760
0.593
0.245
0.705
0.671
0.461
0.976
0.763
0.094
0.190
0.595
0.320
0.071
0.971
0.214
0.510
0.294
0.105
0.778
0.067
0.364
0.494
0.541
0.635
0.710
0.296
0.318
0.240
0.767
0.410
0.781
0.308
0.882
0.430
0.909
0.031
0.918
0.454
0.827
0.426
0.148
0.974
0.653
0.846
0.980
0.504
0.494
0.816
0.848
0.553
0.924
0.861
0.726
0.562
0.231
0.711
0.080
0.747
0.872
0.875
0.642
0.638
0.063
0.922
0.420
0.142
0.894
0.523
0.174
0.649
0.989
0.104
0.414
0.050
0.235
0.092
0.303
0.189
0.779
0.391
0.633
0.549
0.189
0.146
0.328
0.270
0.183
0.597
0.102
0.864
0.263
0.605
0.139
0.751
0.094
0.219
0.199
0.552
0.802
0.414
0.285
0.097
0.190
0.542
0.763
0.088
0.186
0.336
0.041
0.432
0.702
0.955
0.084
0.329
0.098
0.935
0.819
0.225
0.871
0.631
0.454
0.534
0.493
0.676
0.766
0.235
0.691
0.458
0.547
0.919
0.498
0.625
0.037
0.557
0.991
0.209
0.084
0.012
0.612
0.264
0.266
0.145
0.219
0.175
0.161
0.803
0.962
0.023
0.772
0.808
0.108
0.858
0.371
0.450
0.588
0.866
0.948
0.606
0.504
0.730
0.919
0.713
0.885
0.441
0.604
0.554
0.832
0.282
0.172
0.534
0.105
0.061
0.571
0.563
0.867
0.606
0.271
0.616
0.969
0.063
0.856
0.174
0.889
0.096
0.869
0.225
0.669
0.563
0.323
0.814
0.904
0.585
0.104
0.223
0.213
0.404
0.013
0.774
0.482
0.309
0.962
0.062
0.648
0.442
0.259
0.323
0.513
0.530
0.693
0.445
0.961
0.193
0.831
0.361
0.994
0.153
0.640
0.135
0.660
0.453
0.356
0.818
0.101
0.042
0.804
0.973
0.603
0.793
0.389
0.667
0.042
0.463
0.036
0.044
0.561
0.805
0.203
0.665
0.031
0.639
0.927
0.121
0.816
0.567
0.919
0.550
0.813
0.830
0.076
0.096
0.245
0.904
0.732
0.378
0.300
0.377
0.163
0.955
0.546
0.194
0.765
0.675
0.076
0.174
0.776
0.886
0.448
0.404
0.470
0.877
0.227
0.429
0.012
0.154
0.500
0.494
0.810
0.759
0.863
0.049
0.506
0.712
0.647
0.214
0.787
0.003
0.082
0.105
0.120
0.620
0.809
0.069
0.605
0.441
0.587
0.405
0.223
0.477
0.360
0.879
0.994
0.797
0.365
0.224
0.920
0.197
0.784
0.029
0.660
0.669
0.584
0.405
0.094
0.116
0.255
0.901
0.307
0.985
0.345
0.319
0.297
0.276
0.024
0.297
0.586
0.149
0.696
0.490
0.531
0.340
0.538
0.762
0.338
0.106
0.128
0.138
0.851
0.203
0.227
0.550
0.665
0.684
0.159
0.657
0.165
0.237
0.315
0.701
0.115
0.584
0.785
0.736
0.935
0.471
0.920
0.847
0.287
0.809
0.160
0.218
0.187
0.598
0.461
0.094
0.749
0.570
0.383
0.162
0.062
0.775
0.202
0.243
0.862
0.616
0.183
0.301
0.183
0.194
0.105
0.937
0.071
0.731
0.313
0.866
0.176
0.344
0.785
0.179
0.775
0.455
0.348
0.147
0.073
0.941
0.764
0.125
0.657
0.425
0.748
0.256
0.729
0.642
0.892
0.325
0.020
0.541
0.167
0.645
0.775
0.039
0.462
0.783
0.968
0.053
0.984
0.194
0.950
0.636
0.974
0.880
0.418
0.388
0.472
0.263
0.318
0.480
0.772
0.426
0.555
0.386
0.553
0.148
0.580
0.413
0.761
0.250
0.355
0.143
0.464
0.288
0.093
0.919
0.519
0.217
0.266
0.042
0.953
0.085
0.563
0.236
0.713
0.695
0.125
0.927
0.727
0.195
0.873
0.403
0.892
0.726
0.613
0.783
0.187
0.812
0.517
0.643
0.443
0.537
0.333
0.384
0.813
0.568
0.944
0.403
0.633
0.297
0.412
0.248
0.899
0.296
0.351
0.772
0.230
0.915
0.124
0.331
0.182
0.573
0.450
0.117
0.615
0.492
0.622
0.140
0.211
0.173
0.461
0.088
0.054
0.795
0.724
0.060
0.031
0.539
0.518
0.930
0.500
0.961
0.858
0.408
0.907
0.913
0.385
0.233
0.597
0.054
0.832
0.806
0.353
0.477
0.876
0.195
0.637
0.942
0.395
0.916
0.728
0.238
0.213
0.724
0.038
0.632
0.019
0.356
0.363
0.060
0.009
0.728
0.770
0.281
0.339
0.689
0.402
0.980
0.295
0.146
0.676
0.951
0.770
0.106
0.584
0.780
0.237
0.397
0.369
0.784
0.232
0.025
0.206
0.294
0.897
0.663
0.105
0.221
0.998
0.039
0.612
0.270
0.072
0.197
0.852
0.949
0.068
0.391
0.049
0.763
0.930
0.566
0.943
0.940
0.360
0.352
0.758
0.161
0.194
0.686
0.171
0.952
0.890
0.402
0.498
0.912
0.185
0.525
0.574
0.175
0.616
0.563
0.559
0.396
0.864
0.195
0.176
0.522
0.530
0.700
0.860
0.037
0.063
0.522
0.302
0.613
0.270
0.015
0.958
0.087
0.444
0.707
0.679
0.515
0.982
0.249
0.430
0.999
0.383
0.800
0.472
0.951
0.628
0.966
0.821
0.074
0.376
0.622
0.043
0.341
0.275
0.727
0.900
0.857
0.056
0.289
0.218
0.225
0.889
0.635
0.788
0.019
0.748
0.160
0.441
0.155
0.165
0.445
0.066
0.048
0.673
0.421
0.570
0.328
0.275
0.712
0.014
0.936
0.386
0.073
0.393
0.545
0.404
0.735
0.413
0.107
0.604
0.590
0.446
0.956
0.598
0.249
0.018
0.784
0.941
0.728
0.838
0.330
0.675
0.688
0.319
0.372
0.135
0.285
0.111
0.947
0.027
0.044
0.261
0.621
0.364
0.180
0.548
0.166
0.864
0.993
0.640
0.224
0.670
0.039
0.527
0.132
0.422
0.459
0.909
0.493
0.454
0.007
0.160
0.501
0.572
0.102
0.763
0.498
0.182
0.546
0.129
0.323
0.336
0.310
0.324
0.193
0.935
0.551
0.381
0.222
0.210
0.727
1.000
0.208
0.272
0.592
0.947
0.493
0.808
0.135
0.985
0.192
0.155
0.560
0.827
0.759
0.055
0.609
0.536
0.814
0.196
0.020
0.892
0.220
0.372
0.040
0.923
0.428
0.386
0.407
0.564
0.652
0.195
0.909
0.946
0.107
0.459
0.072
0.542
0.017
0.557
0.710
0.126
0.957
0.686
0.465
0.179
0.919
0.333
0.550
0.428
0.498
0.897
0.584
0.174
0.479
0.542
0.227
0.429
0.342
0.893
0.705
0.205
0.147
0.618
0.879
0.708
0.735
0.754
0.455
0.046
0.001
0.673
0.085
0.585
0.874
0.064
0.325
0.680
0.315
0.893
0.985
0.305
0.717
0.589
0.882
0.451
0.453
0.884
0.136
0.774
0.924
0.496
0.523
0.482
0.867
0.258
0.681
0.801
0.638
0.723
0.422
0.988
0.097
0.207
0.886
0.914
0.389
0.204
0.885
0.991
0.436
0.005
0.669
0.751
0.758
0.563
0.232
0.139
0.434
0.297
0.749
0.142
0.510
0.180
0.852
0.920
0.694
0.925
0.278
0.611
0.091
0.482
0.222
0.943
0.723
0.909
0.714
0.279
0.872
0.607
0.575
0.493
0.772
0.316
0.153
0.975
0.415
0.163
0.146
0.721
0.117
0.898
0.583
0.987
0.972
0.071
0.565
0.133
0.314
0.230
0.116
0.095
0.009
0.908
0.851
0.870
0.336
0.465
0.331
0.843
0.546
0.103
0.826
0.977
0.367
0.300
0.221
0.931
0.716
0.666
0.315
0.209
0.798
0.613
0.347
0.294
0.718
0.376
0.267
0.841
0.759
0.409
0.398
0.061
0.881
0.784
0.804
0.356
0.494
0.649
0.968
0.137
0.292
0.075
0.085
0.785
0.516
0.802
0.374
0.390
0.996
0.285
0.854
0.052
0.464
0.069
0.870
0.508
0.910
0.287
0.105
0.764
0.780
0.468
0.004
0.798
0.354
0.900
0.802
0.339
0.576
0.744
0.738
0.958
0.645
0.659
0.267
0.711
0.311
0.835
0.105
0.408
0.374
0.203
0.687
0.271
0.099
0.007
0.831
0.496
0.958
0.484
0.177
0.221
0.055
0.545
0.576
0.967
0.761
0.772
0.871
0.811
0.195
0.542
0.164
0.676
0.882
0.134
0.070
0.597
0.919
0.619
0.986
0.329
0.367
0.675
0.209
0.121
0.033
0.553
0.875
0.173
0.040
0.496
0.206
0.786
0.626
0.876
0.930
0.380
0.884
0.821
0.110
0.627
0.826
0.047
0.521
0.723
0.698
0.709
0.377
0.956
0.371
0.113
0.971
0.956
0.452
0.946
0.447
0.318
0.092
0.886
0.728
0.811
0.476
0.019
0.879
0.689
0.698
0.139
0.965
0.846
0.515
0.696
0.175
0.802
0.021
0.981
0.774
0.884
0.438
0.749
0.344
0.953
0.307
0.463
0.811
0.507
0.710
0.505
0.742
0.281
0.998
0.720
0.247
0.284
0.088
0.924
0.159
0.728
0.277
0.970
0.509
0.489
0.250
0.151
0.436
0.357
0.143
0.637
0.068
0.201
0.553
0.162
0.555
0.072
0.734
0.155
0.274
0.876
0.502
0.369
0.434
0.488
0.280
0.301
0.749
0.319
0.001
0.349
0.428
0.394
0.734
0.039
0.263
0.351
0.281
0.862
0.993
0.098
0.983
0.035
0.879
0.912
0.836
0.034
0.076
0.841
0.461
0.011
0.157
0.654
0.951
0.386
0.406
0.474
0.622
0.329
0.734
0.900
0.575
0.049
0.002
0.499
0.678
0.693
0.039
0.680
0.680
0.588
0.187
0.886
0.892
0.146
0.943
0.543
0.571
0.352
0.608
0.204
0.712
0.970
0.951
0.251
0.953
0.950
0.948
0.560
0.006
0.779
0.854
0.432
0.603
0.709
0.649
0.417
0.341
0.388
0.242
0.555
0.327
0.015
0.351
0.621
0.292
0.348
0.051
0.152
0.299
0.653
0.798
0.434
0.939
0.004
0.235
0.139
0.950
0.023
0.115
0.295
0.423
0.053
0.361
0.709
0.367
0.319
0.193
0.759
0.777
0.894
0.854
0.562
0.610
0.665
0.750
0.837
0.229
0.986
0.655
0.444
0.531
0.003
0.678
0.138
0.070
0.851
0.500
0.607
0.517
0.988
0.886
0.621
0.602
0.610
0.335
0.382
0.716
0.699
0.399
0.493
0.117
0.185
0.393
0.115
0.712
0.015
0.190
0.086
0.523
0.333
0.093
0.405
0.191
0.978
0.650
0.149
0.371
0.781
0.814
0.373
0.480
0.079
0.433
0.562
0.065
0.239
0.719
0.901
0.446
0.218
0.257
0.008
0.644
0.865
0.321
0.686
0.138
0.419
0.992
0.567
0.189
0.941
0.452
0.313
0.899
0.404
0.411
0.503
0.450
0.643
0.949
0.854
0.635
0.375
0.264
0.656
0.803
0.472
0.319
0.508
0.730
0.571
0.691
0.690
0.327
0.126
0.476
0.436
0.981
0.210
0.043
0.794
0.988
0.728
0.968
0.284
0.654
0.392
0.976
0.946
0.145
0.084
0.897
0.185
0.999
0.801
0.193
0.812
0.664
0.887
0.498
0.202
0.226
0.136
0.105
0.266
0.370
0.186
0.151
0.633
0.778
0.102
0.050
0.949
0.380
0.558
0.343
0.431
0.471
0.445
0.229
0.914
0.640
0.193
0.428
0.650
0.787
0.815
0.298
0.697
0.596
0.076
0.470
0.323
0.341
0.857
0.844
0.582
0.876
0.653
0.370
0.333
0.346
0.494
0.724
0.910
0.611
0.939
0.503
0.824
0.550
0.669
0.700
0.455
0.247
0.758
0.316
0.931
0.676
0.221
0.569
0.612
0.793
0.937
0.985
0.526
0.717
0.209
0.411
0.900
0.175
0.567
0.841
0.922
0.025
0.961
0.395
0.581
0.839
0.973
0.192
0.989
0.070
0.272
0.351
0.062
0.552
0.543
0.285
0.539
0.326
0.751
0.103
0.096
0.825
0.157
0.234
0.611
0.978
0.555
0.783
0.655
0.474
0.464
0.558
0.208
0.625
0.344
0.724
0.033
0.569
0.651
0.260
0.617
0.891
0.083
0.934
0.412
0.541
0.938
0.326
0.050
0.475
0.862
0.921
0.910
0.315
0.503
0.673
0.329
0.614
0.306
0.794
0.643
0.366
0.460
0.263
0.699
0.463
0.256
0.787
0.432
0.752
0.914
0.674
0.120
0.686
0.550
0.753
0.994
0.117
0.455
0.155
0.066
0.673
0.540
0.031
0.285
0.560
0.017
0.126
0.683
0.846
0.326
0.361
0.799
0.917
0.239
0.848
0.462
0.022
0.036
0.765
0.757
0.349
0.483
0.326
0.022
0.005
0.265
0.860
0.817
0.340
0.216
0.229
0.897
0.678
0.314
0.044
0.218
0.409
0.282
0.909
0.107
0.316
0.831
0.362
0.526
0.066
0.809
0.021
0.458
0.878
0.145
0.541
0.581
0.771
0.896
0.344
0.139
0.481
0.405
0.866
0.743
0.825
0.527
0.099
0.210
0.625
0.924
0.820
0.867
0.214
0.363
0.976
0.609
0.739
0.375
0.521
0.269
0.463
0.916
0.897
0.591
0.184
0.230
0.185
0.053
0.054
0.888
0.398
0.649
0.588
0.682
0.023
0.219
0.834
0.927
0.434
0.566
0.665
0.123
0.456
0.295
0.856
0.144
0.094
0.159
0.903
0.834
0.924
0.206
0.116
0.407
0.160
0.181
0.218
0.093
0.638
0.624
0.663
0.050
0.178
0.895
0.709
0.126
0.180
0.076
0.022
0.251
0.389
0.406
0.418
0.083
0.503
0.234
0.326
0.581
0.523
0.833
0.730
0.994
0.354
0.527
0.731
0.413
0.756
0.347
0.659
0.888
0.645
0.086
0.929
0.958
0.513
0.947
0.055
0.972
0.530
0.657
0.162
0.466
0.845
0.366
0.410
0.403
0.128
0.760
0.760
0.873
0.753
0.603
0.406
0.934
0.392
0.740
0.013
0.005
0.720
0.905
0.614
0.368
0.761
0.308
0.565
0.413
0.666
0.560
0.905
0.115
0.493
0.155
0.446
0.561
0.353
0.542
0.925
0.021
0.036
0.351
0.825
0.720
0.953
0.939
0.356
0.926
0.747
0.415
0.113
0.933
0.424
0.829
0.642
0.090
0.439
0.799
0.986
0.485
0.877
0.808
0.147
0.337
0.314
0.574
0.097
0.440
0.913
0.660
0.494
0.477
0.056
0.915
0.529
0.430
0.883
0.042
0.670
0.923
0.406
0.313
0.037
0.548
0.582
0.864
0.929
0.159
0.514
0.546
0.384
0.159
0.500
0.314
0.659
0.771
0.463
0.685
0.940
0.955
0.621
0.181
0.798
0.105
0.255
0.575
0.646
0.671
0.452
0.416
0.794
0.878
0.770
0.878
0.479
0.839
0.130
0.428
0.787
0.535
0.808
0.964
0.324
0.702
0.898
0.261
0.314
0.674
0.547
0.906
0.250
0.895
0.035
0.122
0.127
0.369
0.054
0.246
0.185
0.695
0.901
0.937
0.100
0.765
0.587
0.601
0.513
0.896
0.396
0.969
0.396
0.456
0.760
0.482
0.493
0.794
0.151
0.395
0.450
0.888
0.621
0.003
0.219
0.456
0.293
0.228
0.604
0.704
0.163
0.317
0.897
0.205
0.599
0.301
0.535
0.574
0.925
0.628
0.837
0.351
0.487
0.465
0.459
0.957
0.250
0.375
0.296
0.702
0.274
0.463
0.929
0.811
0.044
0.806
0.544
0.465
0.260
0.699
0.415
0.944
0.124
0.246
0.641
0.887
0.097
0.824
0.534
0.977
0.692
0.493
0.978
0.743
0.125
0.660
0.853
0.067
0.016
0.261
0.589
0.873
0.458
0.323
0.102
0.354
0.214
0.193
0.441
0.762
0.837
0.234
0.099
0.101
0.266
0.945
0.065
0.638
0.246
0.473
0.208
0.582
0.142
0.021
0.419
0.310
0.069
0.792
0.276
0.276
0.054
0.568
0.113
0.381
0.295
0.103
0.041
0.929
0.099
0.636
0.117
0.051
0.945
0.549
0.661
0.082
0.851
0.269
0.413
0.915
0.415
0.850
0.412
0.863
0.516
0.567
0.920
0.511
0.932
0.001
0.830
0.388
0.494
0.488
0.524
0.451
0.085
0.722
0.046
0.414
0.188
0.302
0.441
0.817
0.854
0.478
0.689
0.114
0.745
0.248
0.058
0.098
0.952
0.310
0.005
0.301
0.012
0.585
0.508
0.371
0.309
0.900
0.660
0.430
0.166
0.470
0.747
0.549
0.832
0.677
0.878
0.926
0.833
0.071
0.189
0.119
0.113
0.713
0.052
0.181
0.313
0.582
0.925
0.581
0.612
0.239
0.787
0.941
0.400
0.910
0.531
0.394
0.792
0.888
0.085
0.574
0.713
0.724
0.458
0.320
0.144
0.911
0.457
0.997
0.761
0.790
0.004
0.861
0.737
0.171
0.474
0.955
0.543
0.694
0.683
0.102
0.951
0.819
0.381
0.551
0.437
0.810
0.143
0.555
0.523
0.318
0.407
0.478
0.373
0.295
0.955
0.984
0.804
0.678
0.892
0.680
0.435
0.920
0.031
0.876
0.165
0.587
0.047
0.670
0.470
0.072
0.847
0.264
0.617
0.481
0.114
0.595
0.762
0.313
0.983
0.404
0.767
0.198
0.570
0.329
0.630
0.433
0.089
0.571
0.992
0.514
0.646
0.550
0.987
0.024
0.915
0.032
0.494
0.937
0.332
0.663
0.947
0.039
0.659
0.539
0.148
0.160
0.819
0.207
0.597
0.509
0.735
0.320
0.951
0.909
0.812
0.565
0.642
0.601
0.217
0.884
0.650
0.821
0.068
0.480
0.161
0.463
0.676
0.866
0.105
0.609
0.100
0.169
0.258
0.967
0.981
0.822
0.510
0.199
0.048
0.631
0.233
0.082
0.635
0.800
0.603
0.072
0.603
0.175
0.128
0.485
0.818
0.399
0.320
0.474
0.138
0.813
0.120
0.562
0.713
0.490
0.315
0.143
0.822
0.665
0.123
0.015
0.289
0.407
0.399
0.653
0.098
0.749
0.114
0.517
0.406
0.720
0.809
0.308
0.213
0.971
0.863
0.383
0.785
0.394
0.239
0.675
0.936
0.782
0.071
0.550
0.781
0.066
0.640
0.368
0.815
0.008
0.385
0.276
0.440
0.281
0.776
0.637
0.731
0.633
0.213
0.604
0.032
0.427
0.823
0.752
0.153
0.203
0.035
0.756
0.427
0.338
0.899
0.692
0.171
0.758
0.782
0.573
0.646
0.911
0.671
0.208
0.189
0.060
0.887
0.969
0.636
0.593
0.697
0.107
0.378
0.968
0.549
0.684
0.709
0.252
0.670
0.329
0.738
0.189
0.610
0.594
0.966
0.782
0.430
0.504
0.656
0.684
0.638
0.499
0.551
0.064
0.735
0.281
0.881
0.386
0.225
0.062
0.732
0.943
0.161
0.576
0.035
0.479
0.468
0.043
0.954
0.565
0.660
0.196
0.177
0.693
0.152
0.268
0.614
0.903
0.336
0.989
0.898
0.600
0.896
0.179
0.305
0.295
0.505
0.852
0.001
0.863
0.434
0.744
0.888
0.267
0.340
0.270
0.292
0.267
0.323
0.613
0.006
0.202
0.122
0.257
0.670
0.969
0.097
0.805
0.566
0.586
0.053
0.022
0.134
0.473
0.455
0.011
0.517
0.561
0.446
0.908
0.548
0.297
0.058
0.080
0.011
0.836
0.665
0.747
0.474
0.926
0.294
0.691
0.188
0.915
0.579
0.014
0.606
0.939
0.382
0.013
0.954
0.240
0.801
0.577
0.017
0.340
0.772
0.475
0.503
0.386
0.612
0.781
0.805
0.734
0.431
0.724
0.665
0.697
0.204
0.229
0.052
0.589
0.819
0.465
0.708
0.880
0.652
0.796
0.869
0.154
0.690
0.781
0.437
0.808
0.412
0.920
0.335
0.703
0.081
0.052
0.231
0.031
0.824
0.875
0.317
0.112
0.627
0.882
0.077
0.733
0.192
0.621
0.428
0.508
0.110
0.167
0.208
0.812
0.626
0.568
0.417
0.678
0.446
0.191
1.000
0.467
0.662
0.005
0.732
0.548
0.455
0.435
0.698
0.580
0.938
0.979
0.465
0.844
0.913
0.767
0.344
0.594
0.269
0.629
0.400
0.014
0.544
0.972
0.889
0.683
0.950
0.388
0.588
0.354
0.009
0.052
0.008
0.300
0.894
0.689
0.838
0.128
0.648
0.929
0.350
0.887
0.100
0.137
0.348
0.560
0.872
0.076
0.923
0.279
0.260
0.689
0.119
0.854
0.226
0.999
0.781
0.181
0.962
0.705
0.079
0.747
0.068
0.532
0.808
0.202
0.380
0.913
0.653
0.655
0.408
0.562
0.122
0.458
0.861
0.972
0.368
0.818
0.485
0.383
0.741
0.042
0.818
0.150
0.880
0.271
0.051
0.441
0.020
0.151
0.840
0.450
0.889
0.311
0.667
0.146
0.929
0.826
0.250
0.610
0.773
0.922
0.346
0.505
0.830
0.417
0.635
0.816
0.858
0.996
0.557
0.890
0.500
0.200
0.101
0.901
0.340
0.172
0.592
0.577
0.398
0.630
0.295
0.396
0.312
0.270
0.412
0.716
0.496
0.350
0.556
0.205
0.813
0.904
0.648
0.209
0.922
0.496
0.604
0.085
0.409
0.618
0.296
0.486
0.658
0.277
0.995
0.208
0.613
0.114
0.876
0.996
0.686
0.665
0.493
0.628
0.975
0.915
0.386
0.972
0.441
0.177
0.700
0.292
0.197
0.778
0.984
0.998
0.679
0.710
0.289
0.324
0.490
0.194
0.410
0.714
0.043
0.330
0.918
0.767
0.536
0.153
0.780
0.529
0.870
0.123
0.429
0.720
0.382
0.964
0.555
0.888
0.262
0.476
0.286
0.647
0.206
0.015
0.678
0.068
0.724
0.339
0.490
0.651
0.926
0.704
0.233
0.006
0.122
0.844
0.750
0.146
0.346
0.665
0.027
0.408
0.037
0.491
0.126
0.334
0.450
0.854
0.686
0.687
0.681
0.768
0.937
0.546
0.680
0.759
0.673
0.862
0.777
0.572
0.708
0.649
0.632
0.367
0.398
0.456
0.090
0.193
0.259
0.111
0.380
0.311
0.919
0.187
0.765
0.472
0.108
0.529
0.793
0.993
0.378
0.954
0.359
0.895
0.272
0.988
0.187
0.222
0.194
0.217
0.552
0.664
0.296
0.496
0.146
0.628
0.296
0.582
0.955
0.461
0.828
0.677
0.865
0.277
0.116
0.210
0.768
0.196
0.264
0.072
0.230
0.157
0.368
0.514
0.165
0.467
0.205
0.170
0.988
0.848
0.994
0.903
0.924
0.020
0.325
0.011
0.523
0.378
0.644
0.408
0.007
0.698
0.719
0.282
0.195
0.547
0.422
0.493
0.573
0.827
0.087
0.239
0.825
0.000
0.887
0.738
0.923
0.898
0.666
0.003
0.040
0.299
0.203
0.403
0.475
0.049
0.735
0.977
0.499
0.961
0.492
0.633
0.133
0.912
0.154
0.612
0.332
0.804
0.612
0.756
0.571
0.181
0.795
0.465
0.613
0.156
0.039
0.242
0.942
0.939
0.503
0.662
0.995
0.788
0.740
0.081
0.342
0.695
0.159
0.495
0.937
0.048
0.290
0.904
0.615
0.089
0.386
0.400
0.277
0.648
0.053
0.061
0.478
0.984
0.559
0.781
0.190
0.958
0.642
0.634
0.364
0.004
0.696
0.535
0.946
0.161
0.170
0.383
0.562
0.847
0.905
0.267
0.149
0.100
0.965
0.078
0.471
0.141
0.076
0.668
0.079
0.385
0.372
0.650
0.984
0.255
0.681
0.686
0.356
0.639
0.377
0.333
0.813
0.012
0.328
0.267
0.768
0.125
0.700
0.493
0.627
0.731
0.075
0.265
0.412
0.411
0.447
0.646
0.904
0.650
0.953
0.668
0.811
0.589
0.319
0.712
0.676
0.301
0.126
0.817
0.928
0.218
0.717
0.158
0.813
0.388
0.638
0.310
0.896
0.668
0.211
0.654
0.255
0.188
0.621
0.721
0.632
0.824
0.178
0.140
0.137
0.791
0.760
0.223
0.263
0.411
0.005
0.461
0.472
0.313
0.638
0.491
0.230
0.184
0.067
0.180
0.948
0.338
0.100
0.059
0.635
0.061
0.739
0.346
0.228
0.266
0.345
0.887
0.944
0.819
0.935
0.806
0.757
0.043
0.546
0.126
0.123
0.054
0.791
0.417
0.049
0.654
0.210
0.014
0.397
0.510
0.340
0.306
0.866
0.060
0.888
0.634
0.506
0.761
0.586
0.294
0.790
0.330
0.030
0.207
0.832
0.077
0.293
0.239
0.169
0.346
0.772
0.087
0.858
0.280
0.068
0.687
0.176
0.171
0.743
0.095
0.323
0.948
0.106
0.650
0.039
0.554
0.445
0.558
0.982
0.631
0.149
0.482
0.264
0.604
0.618
0.877
0.511
0.659
0.336
0.801
0.410
0.524
0.547
0.122
0.345
0.357
0.828
0.287
0.406
0.068
0.512
0.864
0.128
0.172
0.469
0.813
0.686
0.758
0.383
0.445
0.904
0.988
0.806
0.303
0.283
0.674
0.270
0.765
0.327
0.082
0.362
0.464
0.623
0.912
0.225
0.766
0.253
0.021
0.193
0.567
0.781
0.178
0.765
0.058
0.463
0.725
0.748
0.036
0.920
0.968
0.274
0.878
0.319
0.250
0.987
0.352
0.320
0.738
0.892
0.018
0.658
0.776
0.729
0.866
0.339
0.678
0.333
0.515
0.238
0.826
0.808
0.028
0.134
0.578
0.510
0.864
0.635
0.985
0.791
0.225
0.588
0.465
0.443
0.765
0.528
0.029
0.435
0.881
0.299
0.818
0.202
0.054
0.824
0.412
0.301
0.246
0.945
0.780
0.384
0.149
0.509
0.409
0.721
0.817
0.823
0.218
0.532
0.541
0.629
0.311
0.191
0.061
0.399
0.247
0.849
0.351
0.143
0.746
0.481
0.988
0.537
0.695
0.760
0.719
0.932
0.389
0.793
0.613
0.037
0.781
0.929
0.759
0.704
0.151
0.081
0.506
0.082
0.614
0.097
1.000
0.062
0.247
0.636
0.049
0.403
0.046
0.980
0.458
0.441
0.033
0.845
0.106
0.575
0.624
0.618
0.646
0.275
0.720
0.964
0.178
0.224
0.641
0.521
0.194
0.825
0.397
0.229
0.592
0.386
0.821
0.320
0.421
0.242
0.807
0.520
0.357
0.772
0.677
0.374
0.624
0.642
0.371
0.623
0.684
0.509
0.759
0.330
0.222
0.396
0.082
0.759
0.580
0.036
0.686
0.279
0.784
0.006
0.153
0.087
0.953
0.655
0.195
0.758
0.143
0.131
0.929
0.931
0.306
0.449
0.383
0.523
0.126
0.473
0.362
0.521
0.944
0.391
0.593
0.606
0.147
0.595
0.576
0.898
0.288
0.978
0.955
0.694
0.933
0.323
0.209
0.801
0.586
0.174
0.192
0.186
0.342
0.289
0.075
0.215
0.293
0.556
0.030
0.762
0.038
0.561
0.640
0.542
0.938
0.912
0.607
0.532
0.809
0.408
0.151
0.805
0.017
0.882
0.710
0.328
0.765
0.066
1.000
0.530
0.529
0.392
0.748
0.840
0.275
0.076
0.642
0.570
0.428
0.650
0.942
0.293
0.026
0.800
0.923
0.222
0.482
0.465
0.140
0.990
0.697
0.550
0.193
0.222
0.660
0.684
0.058
0.672
0.993
0.500
0.631
0.257
0.372
0.051
0.607
0.597
0.024
0.105
0.706
0.898
0.826
0.507
0.364
0.520
0.443
0.632
0.656
0.953
0.917
0.617
0.700
0.251
0.377
0.935
0.548
0.702
0.904
0.491
0.730
0.323
0.261
0.637
0.097
0.169
0.141
0.364
0.877
0.317
0.763
0.214
0.729
0.960
0.957
0.217
0.739
0.649
0.958
0.147
0.889
0.755
0.179
0.561
0.551
0.000
0.289
0.062
0.674
0.935
0.237
0.402
0.223
0.503
0.531
0.411
0.102
0.395
0.491
0.663
0.813
0.757
0.504
0.521
0.285
0.526
0.425
0.787
0.543
0.562
0.823
0.976
0.160
0.382
0.680
0.497
0.244
0.936
0.383
0.281
0.997
0.982
0.324
0.050
0.941
0.206
0.584
0.646
0.809
0.027
0.483
0.919
0.062
0.826
0.151
0.656
0.663
0.216
0.756
0.682
0.976
0.546
0.386
0.731
0.043
0.280
0.532
0.755
0.568
0.681
0.879
0.411
0.484
0.140
0.350
0.265
0.656
0.410
0.622
0.564
0.122
0.687
0.071
0.441
0.793
0.739
0.255
0.944
0.922
0.279
0.319
0.573
0.125
0.583
0.912
0.814
0.993
0.147
0.969
0.649
0.460
0.978
0.812
0.153
0.138
0.896
0.109
0.340
0.072
0.620
0.796
0.620
0.162
0.940
0.859
0.289
0.357
0.239
0.190
0.619
0.527
0.732
0.367
0.264
0.802
0.959
0.958
0.916
0.781
0.234
0.612
0.949
0.477
0.051
0.747
0.450
0.076
0.328
0.823
0.492
0.060
0.126
0.303
0.433
0.426
0.427
0.437
0.586
0.781
0.406
0.363
0.802
0.160
0.255
0.668
0.531
0.117
0.197
0.783
0.252
0.501
0.797
0.384
0.568
0.178
0.087
0.982
0.965
0.736
0.728
0.109
0.619
0.922
0.464
0.429
0.761
0.282
0.031
0.934
0.806
0.871
0.973
0.614
0.415
0.833
0.078
0.471
0.132
0.544
0.870
0.285
0.931
0.230
0.143
0.491
0.645
0.444
0.095
0.794
0.160
0.269
0.456
0.489
0.290
0.213
0.309
0.007
0.130
0.707
0.964
0.349
0.866
0.260
0.493
0.548
0.497
0.870
0.751
0.028
0.636
0.926
0.012
0.029
0.708
0.725
0.486
0.118
0.658
0.898
0.603
0.367
0.125
0.068
0.047
0.814
0.035
0.375
0.821
0.044
0.311
0.814
0.655
0.786
0.166
0.028
0.575
0.682
0.184
0.192
0.575
0.501
0.103
0.334
0.818
0.786
0.301
0.435
0.066
0.202
0.927
0.485
0.137
0.130
0.279
0.892
0.294
0.659
0.428
0.558
0.423
0.774
0.983
0.129
0.028
0.472
0.869
0.168
0.942
0.750
0.680
0.380
0.366
0.325
0.161
0.188
0.552
0.703
0.045
0.559
0.220
0.746
0.087
0.080
0.940
0.206
0.959
0.593
0.190
0.615
0.839
0.737
0.952
0.925
0.637
0.952
0.894
0.381
0.967
0.616
0.961
0.559
0.642
0.671
0.090
0.931
0.826
0.013
0.693
0.324
0.680
0.627
0.710
0.070
0.298
0.968
0.414
0.816
0.592
0.176
0.145
0.345
0.820
0.057
0.605
0.828
0.151
0.326
0.817
0.228
0.245
0.493
0.094
0.075
0.139
0.671
0.965
0.975
0.025
0.266
0.333
0.908
0.138
0.919
0.862
0.735
0.596
0.740
0.113
0.941
0.902
0.966
0.497
0.459
0.022
0.557
0.668
0.779
0.302
0.453
0.020
0.961
0.254
0.088
0.408
0.581
0.283
0.866
0.935
0.907
0.176
0.402
0.480
0.932
0.021
0.019
0.957
0.258
0.750
0.134
0.218
0.555
0.135
0.257
0.176
0.602
0.805
0.941
0.223
0.153
0.624
0.698
0.574
0.924
0.192
0.037
0.873
0.928
0.493
0.237
0.308
0.631
0.736
0.476
0.614
0.918
0.073
0.734
0.574
0.164
0.128
0.868
0.146
0.406
0.178
0.998
0.467
0.689
0.976
0.955
0.312
0.393
0.969
0.371
0.263
0.995
0.167
0.520
0.674
0.074
0.056
0.911
0.499
0.680
0.053
0.464
0.338
0.581
0.758
0.314
0.167
0.538
0.437
0.142
0.871
0.935
0.142
0.779
0.663
0.536
0.432
0.045
0.350
0.026
0.496
0.268
0.068
0.525
0.301
0.109
0.973
0.117
0.441
0.089
0.761
0.871
0.458
0.088
0.375
0.069
0.595
0.096
0.815
0.941
0.243
0.793
0.961
0.690
0.239
0.708
0.044
0.609
0.939
0.350
0.876
0.769
0.149
0.515
0.813
0.738
0.836
0.246
0.501
0.220
0.083
0.610
0.498
0.876
0.024
0.233
0.477
0.202
0.620
0.268
0.388
0.753
0.972
0.000
0.027
0.797
0.539
0.305
0.193
0.588
0.605
0.506
0.695
0.349
0.617
0.790
0.060
0.929
0.245
0.468
0.772
0.196
0.778
0.174
0.423
0.063
0.230
0.753
0.485
0.488
0.778
0.243
0.772
0.131
0.834
0.636
0.861
0.888
0.465
0.683
0.153
0.249
0.710
0.796
0.135
0.725
0.344
0.900
0.400
0.482
0.213
0.566
0.829
0.270
0.906
0.168
0.683
0.387
0.355
0.974
0.378
0.034
0.297
0.269
0.213
0.351
0.969
0.159
0.129
0.539
0.543
0.423
0.661
0.621
0.574
0.675
0.264
0.642
0.879
0.001
0.571
0.145
0.062
0.992
0.177
0.061
0.273
0.588
0.416
0.138
0.669
0.091
0.229
0.942
0.816
0.827
0.090
0.081
0.042
0.890
0.214
0.924
0.389
0.981
0.779
0.466
0.978
0.253
0.266
0.724
0.411
0.380
0.595
0.755
0.369
0.077
0.928
0.110
0.006
0.329
0.824
0.554
0.735
0.502
0.932
0.990
0.612
0.367
0.004
0.950
0.040
0.615
0.464
0.063
0.500
0.743
0.635
0.170
0.508
0.201
0.311
0.745
0.471
0.819
0.306
0.393
0.584
0.153
0.329
0.368
0.913
0.127
0.768
0.954
0.080
0.607
0.571
0.107
0.842
0.939
0.788
0.101
0.359
0.350
0.185
0.443
0.285
0.655
0.921
0.828
0.322
0.208
0.712
0.550
0.438
0.042
0.601
0.961
0.560
0.038
0.332
0.659
0.913
0.255
0.905
0.478
0.691
0.391
0.515
0.266
0.250
0.193
0.213
0.858
0.058
0.020
0.398
0.673
0.291
0.204
0.171
0.774
0.929
0.765
0.490
0.242
0.177
0.537
0.839
0.594
0.394
0.570
0.948
0.669
0.089
0.035
0.811
0.573
0.670
0.937
0.916
0.168
0.973
0.909
0.185
0.036
0.715
0.452
0.360
0.505
0.640
0.878
0.102
0.140
0.051
0.379
0.287
0.359
0.325
0.477
0.284
0.875
0.364
0.436
0.784
0.266
0.005
0.397
0.414
0.281
0.971
0.872
0.409
0.369
0.229
0.670
0.581
0.381
0.674
0.300
0.352
0.652
0.578
0.343
0.612
0.227
0.503
0.463
0.872
0.648
0.398
0.366
0.913
0.581
0.253
0.897
0.138
0.312
0.991
0.478
0.941
0.381
0.384
0.455
0.186
0.067
0.972
0.698
0.580
0.919
0.118
0.731
0.784
0.053
0.541
0.991
0.384
0.977
0.445
0.441
0.683
0.674
0.902
0.361
0.580
0.899
0.772
0.666
0.173
0.051
0.966
0.173
0.862
0.251
0.490
0.124
0.232
0.780
0.158
0.209
0.790
0.356
0.548
0.054
0.990
0.600
0.379
0.089
0.543
0.680
0.435
0.714
0.720
0.732
0.326
0.420
0.336
0.665
0.475
0.053
0.012
0.741
0.794
0.827
0.119
0.290
0.792
0.165
0.317
0.896
0.133
0.948
0.116
0.538
0.579
0.705
0.058
0.060
0.468
0.275
0.187
0.665
0.120
0.100
0.405
0.382
0.923
0.899
0.539
0.338
0.064
0.692
0.805
0.700
0.726
0.140
0.640
0.595
0.669
0.560
0.382
0.158
0.529
0.772
0.813
0.664
0.477
0.715
0.792
0.818
0.056
0.465
0.020
0.759
0.816
0.858
0.642
0.569
0.364
0.746
0.553
0.353
0.485
0.320
0.054
0.297
0.998
0.473
0.981
0.156
0.840
0.155
0.718
0.165
0.350
0.524
0.827
0.496
0.053
0.252
0.771
0.799
0.210
0.030
0.730
0.975
0.684
0.707
0.116
0.267
0.107
0.616
0.334
0.662
0.490
0.485
0.695
0.831
0.168
0.699
0.046
0.068
0.551
0.602
0.535
0.909
0.461
0.189
0.042
0.424
0.252
0.987
0.969
0.017
0.647
0.974
0.561
0.070
0.090
0.782
0.048
0.872
0.240
0.447
0.741
0.008
0.418
0.363
0.524
0.503
0.207
0.520
0.137
0.981
0.871
0.822
0.608
0.983
0.969
0.938
0.865
0.228
0.165
0.364
0.945
0.451
0.574
0.987
0.707
0.282
0.092
0.130
0.425
0.482
0.198
0.081
0.148
0.532
0.696
0.932
0.042
0.586
0.990
0.135
0.315
0.835
0.556
0.477
0.359
0.840
0.586
0.949
0.094
0.018
0.790
0.203
0.596
0.003
0.089
0.393
0.066
0.254
0.244
0.578
0.503
0.278
0.832
0.788
0.725
0.546
0.351
0.570
0.507
0.645
0.842
0.178
0.349
0.351
0.952
0.856
0.458
0.609
0.258
0.023
0.764
0.412
0.504
0.286
0.475
0.756
0.352
0.022
0.951
0.986
0.400
0.700
0.961
0.781
0.201
0.860
0.229
0.666
0.025
0.956
0.950
0.422
0.017
0.861
0.427
0.259
0.230
0.719
0.532
0.246
0.097
0.659
0.353
0.736
0.684
0.548
0.345
0.250
0.944
0.975
0.366
0.343
0.216
0.495
0.216
0.206
0.043
0.098
0.262
0.529
0.179
0.509
0.774
0.163
0.406
0.166
0.835
0.825
0.530
0.492
0.058
0.700
0.744
0.405
0.722
0.437
0.947
0.996
0.770
0.437
0.589
0.184
0.783
0.555
0.508
0.756
0.714
0.083
0.516
0.843
0.259
0.342
0.172
0.624
0.839
0.302
0.522
0.691
0.074
0.981
0.271
0.801
0.849
0.383
0.599
0.187
0.650
0.076
0.309
0.480
0.007
0.410
0.579
0.889
0.197
0.419
0.257
0.891
0.280
0.165
0.856
0.385
0.397
0.143
0.722
0.835
0.092
0.104
0.336
0.020
0.943
0.522
0.407
0.487
0.564
0.929
0.634
0.994
0.441
0.750
0.542
0.435
0.633
0.272
0.320
0.754
0.078
0.105
0.051
0.722
0.989
0.364
0.322
0.488
0.978
0.931
0.112
0.175
0.087
0.868
0.411
0.064
0.529
0.053
0.409
0.770
0.799
0.705
0.313
0.544
0.203
0.303
0.976
0.947
0.872
0.016
0.551
0.564
0.497
0.233
0.517
0.218
0.482
0.223
0.626
0.934
0.609
0.584
0.630
0.289
0.853
0.469
0.654
0.879
0.792
0.204
0.537
0.233
0.233
0.999
0.476
0.686
0.068
0.188
0.146
0.873
0.895
0.492
0.703
0.212
0.937
0.255
0.180
0.296
0.038
0.842
0.350
0.608
0.784
0.167
0.976
0.506
0.903
0.184
0.156
0.771
0.716
0.766
0.643
0.872
0.872
0.506
0.529
0.873
0.649
0.481
0.142
0.555
0.017
0.931
0.579
0.506
0.585
0.585
0.136
0.753
0.950
0.999
0.323
0.866
0.589
0.806
0.616
0.919
0.167
0.560
0.533
0.565
0.513
0.375
0.174
0.877
0.133
0.755
0.448
0.868
0.267
0.032
0.433
0.688
0.245
0.091
0.952
0.475
0.997
0.941
0.938
0.845
0.597
0.164
0.817
0.670
0.045
0.235
0.032
0.929
0.299
0.894
0.024
0.973
0.130
0.243
0.806
0.969
0.808
0.630
0.081
0.194
0.133
0.447
0.082
0.183
0.249
0.725
0.433
0.043
0.895
0.823
0.724
0.354
0.466
0.938
0.722
0.317
0.941
0.500
0.175
0.863
0.171
0.224
0.151
0.916
0.832
0.484
0.684
0.897
0.477
0.074
0.589
0.970
0.227
0.545
0.468
0.768
0.783
0.696
0.974
0.705
0.926
0.840
0.783
0.625
0.119
0.454
0.503
0.820
0.753
0.924
0.413
0.946
0.145
0.879
0.127
0.651
0.485
0.141
0.312
0.594
0.415
0.363
0.415
0.365
0.547
0.831
0.966
0.245
0.542
0.611
0.111
0.018
0.795
0.127
0.448
0.253
0.944
0.883
0.753
0.460
0.304
0.589
0.904
0.936
0.650
0.539
0.987
0.107
0.876
0.922
0.801
0.925
0.148
0.576
0.978
0.339
0.936
0.991
0.067
0.846
0.132
0.123
0.286
0.919
0.965
0.562
0.845
0.639
0.058
0.601
0.223
0.944
0.251
0.104
0.810
0.658
0.571
0.277
0.548
0.375
0.937
0.013
0.288
0.374
0.348
0.610
0.434
0.994
0.414
0.248
0.673
0.579
0.839
0.368
0.720
0.467
0.835
0.759
0.855
0.401
0.479
0.531
0.928
0.879
0.611
0.642
0.343
0.806
0.551
0.148
0.516
0.889
0.792
0.295
0.804
0.303
0.215
0.841
0.911
0.928
0.983
0.308
0.835
0.704
0.640
0.747
0.860
0.103
0.713
0.945
0.161
0.342
0.370
0.813
0.635
0.682
0.484
0.600
0.242
0.573
0.115
0.699
0.205
0.887
0.221
0.840
0.486
0.858
0.840
0.761
0.526
0.058
0.258
0.717
0.226
0.744
0.176
0.890
0.233
0.468
0.996
0.532
0.316
0.944
0.158
0.761
0.186
0.459
0.788
0.857
0.111
0.041
0.588
0.008
0.853
0.230
0.383
0.685
0.057
0.291
0.023
0.875
0.169
0.812
0.587
0.558
0.149
0.856
0.630
0.953
0.620
0.909
0.077
0.944
0.116
0.147
0.406
0.816
0.638
0.186
0.176
0.303
0.902
0.414
0.758
0.486
0.024
0.560
0.819
0.860
0.072
0.129
0.674
0.607
0.791
0.884
0.413
0.981
0.021
0.687
0.860
0.080
0.344
0.926
0.154
0.257
0.338
0.767
0.912
0.889
0.186
0.757
0.832
0.898
0.952
0.235
0.907
0.915
0.289
0.505
0.463
0.746
0.356
0.864
0.627
0.943
0.878
0.107
0.837
0.494
0.048
0.710
0.091
0.695
0.705
0.125
0.488
0.436
0.297
0.075
0.131
0.324
0.746
0.717
0.499
0.681
0.120
0.861
0.009
0.229
0.214
0.978
0.417
0.741
0.977
0.540
0.903
0.810
0.941
0.523
0.748
0.007
0.471
0.598
0.519
0.738
0.094
0.341
0.180
0.015
0.287
0.753
0.872
0.833
0.023
0.184
0.475
0.580
0.099
0.401
0.314
0.505
0.638
0.547
0.298
0.133
0.205
0.568
0.108
0.434
0.421
0.504
0.038
0.087
0.752
0.384
0.345
0.619
0.257
0.513
0.700
0.183
0.676
0.328
0.519
0.430
0.611
0.886
0.823
0.848
0.053
0.468
0.040
0.159
0.623
0.267
0.277
0.186
0.667
0.970
0.709
0.314
0.408
0.857
0.926
0.282
0.624
0.785
0.668
0.665
0.347
0.735
0.560
0.395
0.088
0.987
0.633
0.436
0.566
0.996
0.597
0.764
0.073
0.540
0.161
0.842
0.368
0.022
0.629
0.440
0.035
0.963
0.880
0.904
0.214
0.125
0.553
0.411
0.829
0.730
0.228
0.876
0.765
0.008
0.329
0.519
0.638
0.586
0.179
0.321
0.480
0.596
0.072
0.162
0.652
0.823
0.182
0.179
0.764
0.659
0.471
0.406
0.669
0.742
0.175
0.796
0.429
0.919
0.842
0.955
0.419
0.234
0.635
0.648
0.983
0.856
0.850
0.699
0.207
0.589
0.026
0.516
0.819
0.183
0.339
0.147
0.781
0.623
0.251
0.717
0.285
0.145
0.825
0.796
0.869
0.891
0.832
0.923
0.540
0.497
0.578
0.351
0.344
0.606
0.279
0.761
0.742
0.540
0.268
0.370
0.153
0.574
0.736
0.320
0.951
0.497
0.250
0.695
0.070
0.199
0.014
0.093
0.890
0.923
0.145
0.891
0.526
0.909
0.640
0.571
0.443
0.887
0.794
0.345
0.633
0.841
0.706
0.414
0.894
0.256
0.573
0.282
0.496
0.580
0.125
0.944
0.235
0.091
0.077
0.415
0.709
0.545
0.427
0.185
0.627
0.745
0.639
0.403
0.900
0.322
0.325
0.338
0.369
0.701
0.235
0.722
0.950
0.792
0.206
0.305
0.066
0.339
0.417
0.971
0.548
0.535
0.756
0.867
0.466
0.181
0.156
0.929
0.317
0.226
0.699
0.625
0.915
0.730
0.418
0.981
0.269
0.618
0.012
0.157
0.637
0.066
0.610
0.221
0.098
0.941
0.551
0.267
0.256
0.640
0.449
0.179
0.496
0.327
0.186
0.196
0.536
0.458
0.389
0.314
0.462
0.068
0.924
0.588
0.922
0.366
0.208
0.344
0.566
0.148
0.334
0.882
0.024
0.964
0.746
0.416
0.962
0.883
0.421
0.293
0.941
0.289
0.796
0.615
0.562
0.192
0.860
0.229
0.643
0.934
0.337
0.301
0.632
0.569
0.998
0.384
0.326
0.892
0.756
0.326
0.407
0.959
0.784
0.119
0.726
0.079
0.275
0.444
0.760
0.305
0.375
0.320
0.174
0.100
0.407
0.266
0.731
0.661
0.471
0.031
0.704
0.780
0.556
0.160
0.891
0.166
0.275
0.480
0.472
0.952
0.994
0.425
0.454
0.487
0.408
0.867
0.190
0.712
0.437
0.370
0.071
0.567
0.699
0.598
0.461
0.126
0.739
0.835
0.090
0.421
0.121
0.278
0.313
0.161
0.031
0.378
0.184
0.780
0.135
0.066
0.051
0.898
0.021
0.878
0.113
0.990
0.715
0.922
0.167
0.954
0.782
0.198
0.909
0.992
0.111
0.142
0.257
0.165
0.222
0.613
0.871
0.955
0.551
0.107
0.302
0.498
0.489
0.823
0.728
0.756
0.854
0.809
0.036
0.949
0.858
0.969
0.743
0.813
0.440
0.238
0.889
0.096
0.724
0.865
0.529
0.923
0.140
0.282
0.370
0.973
0.177
0.241
0.114
0.108
0.062
0.639
0.128
0.596
0.571
0.781
0.318
0.703
0.499
0.430
0.618
0.764
0.295
0.004
0.051
0.649
0.428
0.061
0.611
0.210
0.328
0.436
0.508
0.723
0.587
0.563
0.134
0.472
0.117
0.936
0.704
0.945
0.987
0.159
0.717
0.127
0.649
0.502
0.118
0.647
0.770
0.303
0.025
0.992
0.375
0.789
0.411
0.323
0.742
0.510
0.412
0.808
0.713
0.568
0.071
0.915
0.167
0.391
0.800
0.921
0.633
0.128
0.024
0.728
0.366
0.031
0.824
0.530
0.879
0.933
0.250
0.263
0.779
0.197
0.213
0.176
0.873
0.755
0.669
0.466
0.311
0.369
0.654
0.985
0.607
0.953
0.516
0.036
0.787
0.071
0.200
0.250
0.368
0.637
0.261
0.255
0.917
0.733
0.352
0.948
0.767
0.669
0.112
0.317
0.493
0.125
0.878
0.706
0.439
0.998
0.875
0.851
0.912
0.480
0.092
0.163
0.990
0.749
0.379
0.814
0.832
0.824
0.205
0.664
0.417
0.893
0.363
0.736
0.180
0.646
0.090
0.361
0.045
0.875
0.281
0.497
0.293
0.526
0.218
0.155
0.360
0.144
0.929
0.925
0.127
0.235
0.859
0.473
0.483
0.962
0.158
0.243
0.074
0.986
0.666
0.303
0.343
0.223
0.877
0.723
0.209
0.422
0.185
0.661
0.176
0.280
0.089
0.077
0.278
0.895
0.052
0.674
0.556
0.726
0.056
0.115
0.776
0.331
0.667
0.606
0.840
0.884
0.815
0.362
0.803
0.278
0.169
0.938
0.387
0.090
0.167
0.677
0.126
0.025
0.770
0.484
0.083
0.625
0.295
0.916
0.425
0.314
0.764
0.087
0.652
0.599
0.519
0.681
0.249
0.377
0.760
0.154
0.493
0.931
0.105
0.051
0.420
0.698
0.567
0.999
0.720
0.866
0.733
0.894
0.306
0.824
0.193
0.306
0.269
0.369
0.288
0.800
0.757
0.495
0.446
0.389
0.653
0.091
0.530
0.518
0.775
0.846
0.481
0.501
0.921
0.490
0.778
0.547
0.422
0.008
0.507
0.353
0.976
0.319
0.858
0.874
0.989
0.287
0.153
0.378
0.663
0.319
0.276
0.923
0.953
0.632
0.442
0.493
0.797
0.191
0.599
0.111
0.570
0.902
0.960
0.783
0.171
0.570
0.226
0.649
0.056
0.477
0.562
0.593
0.158
0.221
0.693
0.685
0.679
0.481
0.882
0.932
0.737
0.201
0.452
0.561
0.744
0.342
0.263
0.431
0.459
0.850
0.494
0.493
0.742
0.595
0.126
0.486
0.554
0.745
0.762
0.651
0.760
0.838
0.970
0.484
0.713
0.473
0.447
0.183
0.297
0.894
0.177
0.110
0.555
0.363
0.287
0.875
0.799
0.236
0.888
0.108
0.737
0.066
0.745
0.449
0.069
0.477
0.609
0.738
0.283
0.291
0.829
0.370
0.994
0.013
0.797
0.114
0.154
0.687
0.158
0.408
0.560
0.970
0.793
0.449
0.276
0.094
0.945
0.406
0.717
0.760
0.922
0.410
0.683
0.149
0.974
0.732
0.830
0.409
0.960
0.099
0.106
0.262
0.688
0.852
0.141
0.216
0.993
0.140
0.830
0.764
0.508
0.688
0.040
0.515
0.999
0.417
0.373
0.340
0.476
0.026
0.667
0.361
0.755
0.625
0.882
0.408
0.328
0.823
0.470
0.234
0.309
0.313
0.947
0.158
0.901
0.238
0.210
0.261
0.606
0.857
0.246
0.694
0.146
0.492
0.985
0.473
0.937
0.015
0.968
0.047
0.087
0.614
0.018
0.706
0.699
0.568
0.317
0.123
0.543
0.576
0.409
0.549
0.524
0.861
0.777
0.840
0.468
0.571
0.921
0.372
0.620
0.363
0.452
0.648
0.601
0.339
0.340
0.277
0.272
0.795
0.285
0.952
0.837
0.748
0.266
0.485
0.100
0.054
0.820
0.240
0.850
0.238
0.320
0.637
0.029
0.564
0.152
0.150
0.136
0.917
0.636
0.740
0.469
0.289
0.866
0.740
0.563
0.857
0.562
0.228
0.107
0.493
0.624
0.892
0.707
