0.000
0.006
0.153
0.653
0.313
0.621
0.535
0.027
0.203
0.847
0.929
0.665
0.514
0.324
0.976
0.304
0.155
0.793
0.487
0.282
0.563
0.781
0.433
0.254
0.921
0.381
0.976
0.409
0.945
0.805
0.296
0.393
0.172
0.572
0.277
0.978
0.272
0.766
0.437
0.034
0.693
0.517
0.852
0.980
0.789
0.366
0.034
0.630
0.131
0.910
0.078
0.338
0.897
0.227
0.648
0.666
0.491
0.396
0.823
0.856
0.578
0.472
0.131
0.166
0.508
0.527
0.605
0.258
0.058
0.128
0.880
0.860
0.938
0.665
0.683
0.821
0.986
0.607
0.423
0.428
0.236
0.456
0.399
0.847
0.470
0.480
0.132
0.374
0.032
0.946
0.612
0.711
0.901
0.530
0.902
0.953
0.584
0.705
0.453
0.281
0.759
0.445
0.608
0.681
0.013
0.950
0.900
0.436
0.281
0.502
0.809
0.286
0.242
0.665
0.603
0.215
0.522
0.165
0.467
0.512
0.051
0.284
0.821
0.436
0.065
0.797
0.469
0.496
0.350
0.296
0.190
0.135
0.378
0.271
0.622
0.064
0.900
0.740
0.627
0.919
0.074
0.894
0.503
0.629
0.368
0.194
0.042
0.965
0.094
0.215
0.467
0.604
0.723
0.654
0.077
0.324
0.328
0.662
0.417
0.607
0.956
0.078
0.270
0.985
0.452
0.589
0.505
0.522
0.332
0.757
0.307
0.758
0.091
0.091
0.828
0.399
0.108
0.371
0.971
0.899
0.537
0.783
0.673
0.872
0.651
0.255
0.868
0.631
0.962
0.617
0.885
0.397
0.947
0.176
0.546
0.719
0.366
0.599
0.219
0.857
0.312
0.798
0.804
0.328
0.232
0.962
0.693
0.537
0.836
0.823
0.198
0.459
0.169
0.158
0.566
0.366
0.531
0.180
0.951
0.018
0.381
0.403
0.544
0.886
0.284
0.432
0.231
0.873
0.125
0.918
0.138
0.843
0.903
0.905
0.808
0.998
0.749
0.907
0.893
0.729
0.194
0.028
0.399
0.202
0.719
0.399
0.223
0.037
0.825
0.311
0.342
0.589
0.755
0.367
0.328
0.508
0.947
0.997
0.356
0.736
0.827
0.483
0.090
0.618
0.924
0.534
0.834
0.951
0.544
0.968
0.787
0.496
0.884
0.939
0.087
0.059
0.019
0.331
0.267
0.347
0.935
0.420
0.402
0.137
0.677
0.586
0.407
0.476
0.479
0.295
0.385
0.528
0.111
0.046
0.735
0.880
0.050
0.396
0.005
0.696
0.228
0.117
0.058
0.821
0.749
0.242
0.616
0.101
0.649
0.833
0.179
0.132
0.640
0.252
0.659
0.635
0.225
0.618
0.358
0.297
0.431
0.585
0.652
0.149
0.130
0.480
0.932
0.941
0.904
0.734
0.433
0.920
0.417
0.170
0.015
0.334
0.915
0.962
0.103
0.053
0.227
0.442
0.202
0.739
0.685
0.822
0.535
0.338
0.953
0.410
0.244
0.571
0.959
0.123
0.146
0.357
0.128
0.143
0.189
0.323
0.447
0.744
0.258
0.060
0.057
0.508
0.328
0.033
0.058
0.028
0.214
0.424
0.309
0.832
0.063
0.712
0.855
0.666
0.906
0.014
0.438
0.769
0.815
0.020
0.991
0.229
0.300
0.463
0.984
0.265
0.775
0.658
0.912
0.158
0.320
0.852
0.182
0.255
0.128
0.379
0.652
0.892
0.748
0.642
0.040
0.546
0.455
0.113
0.711
0.615
0.690
0.863
0.162
0.616
0.512
0.449
0.058
0.247
0.816
0.016
0.370
0.004
0.605
0.341
0.432
0.089
0.526
0.860
0.079
0.852
0.712
0.312
0.197
0.834
0.317
0.229
0.244
0.768
0.792
0.486
0.940
0.960
0.668
0.979
0.032
0.646
0.924
0.952
0.239
0.022
0.946
0.031
0.205
0.832
0.611
0.099
0.309
0.342
0.939
0.924
0.033
0.759
0.441
0.690
0.930
0.634
0.018
0.096
0.846
0.781
0.017
0.966
0.962
0.536
0.278
0.629
0.385
0.882
0.375
0.015
0.618
0.285
0.263
0.522
0.133
0.790
0.771
0.544
0.475
0.184
0.163
0.262
0.433
0.127
0.034
0.302
0.333
0.665
0.715
0.505
0.514
0.047
0.872
0.695
0.930
0.279
0.421
0.366
0.923
0.672
0.682
0.126
0.973
0.601
0.729
0.255
0.428
0.855
0.260
0.106
0.398
0.203
0.224
0.628
0.723
0.331
0.332
0.133
0.941
0.953
0.192
0.346
0.977
0.422
0.533
0.353
0.082
0.142
0.396
0.275
0.900
0.653
0.501
0.335
0.285
0.977
0.771
0.252
0.716
0.755
0.524
0.495
0.316
0.726
0.732
0.703
0.484
0.180
0.016
0.678
0.357
0.472
0.313
0.249
0.832
0.935
0.268
0.364
0.808
0.450
0.999
0.588
0.635
0.226
0.752
0.342
0.590
0.522
0.997
0.229
0.128
0.860
0.661
0.333
0.997
0.005
0.719
0.082
0.056
0.267
0.379
0.055
0.526
0.566
0.765
0.758
0.997
0.016
0.261
0.031
0.708
0.137
0.286
0.902
0.788
0.323
0.149
0.602
0.455
0.245
0.552
0.030
0.155
0.914
0.009
0.791
0.044
0.232
0.707
0.607
0.056
0.213
0.414
0.365
0.684
0.958
0.689
0.069
0.603
0.107
0.059
0.911
0.914
0.507
0.021
0.540
0.763
0.925
0.700
0.952
0.472
0.461
0.680
0.304
0.869
0.054
0.840
0.824
0.218
0.894
0.640
0.906
0.825
0.945
0.772
0.170
0.078
0.319
0.057
0.595
0.887
0.062
0.091
0.950
0.530
0.190
0.551
0.058
0.218
0.320
0.335
0.988
0.842
0.331
0.965
0.487
0.181
0.278
0.280
0.299
0.268
0.890
0.031
0.103
0.910
0.116
0.632
0.365
0.395
0.096
0.767
0.741
0.686
0.989
0.494
0.691
0.152
0.399
0.862
0.458
0.588
0.785
0.110
0.495
0.287
0.342
0.330
0.977
0.904
0.227
0.530
0.452
0.967
0.924
0.172
0.709
0.293
0.846
0.188
0.771
0.436
0.088
0.057
0.755
0.164
0.266
0.934
0.392
0.387
0.112
0.788
0.516
0.452
0.818
0.353
0.019
0.944
0.879
0.724
0.520
0.943
0.444
0.861
0.484
0.465
0.998
0.008
0.625
0.281
0.980
0.164
0.734
0.413
0.303
0.684
0.094
0.655
0.792
0.472
0.914
0.992
0.452
0.938
0.585
0.811
0.956
0.684
0.130
0.419
0.746
0.669
0.827
0.388
0.683
0.272
0.145
0.600
0.695
0.009
0.942
0.138
0.131
0.236
0.252
0.619
0.551
0.179
0.162
0.519
0.131
0.836
0.490
0.725
0.053
0.500
0.485
0.229
0.230
0.040
0.284
0.348
0.537
0.739
0.716
0.042
0.348
0.473
0.635
0.344
0.467
0.486
0.255
0.894
0.732
0.473
0.222
0.856
0.551
0.229
0.458
0.667
0.413
0.206
0.133
0.767
0.849
0.383
0.309
0.351
0.140
0.877
0.967
0.426
0.448
0.388
0.372
0.523
0.675
0.186
0.049
0.611
0.264
0.596
0.152
0.476
0.613
0.744
0.616
0.052
0.760
0.727
0.500
0.358
0.292
0.368
0.206
0.876
0.794
0.924
0.095
0.083
0.001
0.940
0.124
0.615
0.751
0.854
0.885
0.327
0.677
0.765
0.019
0.461
0.323
0.122
0.682
0.177
0.347
0.192
0.956
0.477
0.225
0.428
0.102
0.904
0.135
0.430
0.883
0.610
0.592
0.658
0.281
0.359
0.551
0.754
0.375
0.698
0.385
0.013
0.226
0.110
0.870
0.125
0.360
0.516
0.877
0.105
0.501
0.073
0.945
0.901
0.702
0.546
0.784
0.167
0.437
0.603
0.985
0.266
0.856
0.199
0.209
0.912
0.834
0.575
0.478
0.906
0.720
0.780
0.869
0.571
0.270
0.754
0.777
0.624
0.811
0.513
0.254
0.389
0.986
0.863
0.280
0.549
0.591
0.812
0.018
0.564
0.681
0.112
0.539
0.790
0.717
0.148
0.677
0.572
0.317
0.919
0.706
0.708
0.393
0.603
0.393
0.091
0.837
0.571
0.460
0.918
0.525
0.270
0.543
0.049
0.380
0.104
0.775
0.699
0.278
0.170
0.036
0.430
0.139
0.798
0.013
0.094
0.615
0.543
0.216
0.946
0.971
0.723
0.581
0.973
0.736
0.770
0.432
0.263
0.763
0.291
0.033
0.011
0.339
