0.817
0.695
0.061
0.097
0.273
0.938
0.031
0.107
0.893
0.391
0.728
0.109
0.856
0.491
0.235
0.200
0.841
0.661
0.154
0.532
0.153
0.386
0.302
0.670
0.647
0.776
0.083
0.579
0.733
0.304
0.739
0.524
0.696
0.204
0.316
0.261
0.506
0.256
0.370
0.367
0.111
0.500
0.163
0.104
0.722
0.979
0.609
0.788
0.736
0.404
0.270
0.624
0.965
0.059
0.689
0.847
0.004
0.248
0.355
0.788
0.857
0.800
0.995
0.797
0.717
0.599
0.344
0.800
0.908
0.400
0.468
0.712
0.197
0.317
0.937
0.149
0.912
0.621
0.546
0.428
0.891
0.466
0.004
0.059
0.897
0.382
0.197
0.160
0.495
0.905
0.226
0.102
0.763
0.852
0.387
0.916
0.928
0.533
0.495
0.077
0.894
0.287
0.595
0.999
0.723
0.195
0.795
0.302
0.924
0.563
0.637
0.111
0.381
0.382
0.995
0.968
0.030
0.015
0.547
0.608
0.670
0.355
0.550
0.952
0.071
0.435
0.543
0.792
0.089
0.013
0.588
0.359
0.414
0.093
0.249
0.907
0.282
0.555
0.079
0.951
0.260
0.823
0.645
0.687
0.821
0.578
0.395
0.056
0.278
0.161
0.203
0.756
0.456
0.301
0.066
0.351
0.017
0.857
0.764
0.693
0.979
0.249
0.072
0.205
0.788
0.593
0.718
0.669
0.042
0.825
0.394
0.191
0.790
0.352
0.917
0.321
0.700
0.402
0.408
0.637
0.781
0.751
0.843
0.664
0.546
0.276
0.962
0.927
0.482
0.247
0.546
0.265
0.631
0.676
0.540
0.873
0.413
0.781
0.531
0.547
0.603
0.244
0.215
0.547
0.129
0.004
0.545
0.551
0.856
0.293
0.336
0.137
0.715
0.296
0.442
0.540
0.798
0.959
0.132
0.264
0.076
0.001
0.313
0.572
0.348
0.766
0.881
0.834
0.949
0.615
0.669
0.801
0.102
0.572
0.868
0.960
0.312
0.554
0.721
0.666
0.069
0.328
0.008
0.277
0.742
0.196
0.617
0.134
0.926
0.121
0.410
0.950
0.352
0.599
0.973
0.208
0.051
0.643
0.046
0.668
0.700
0.323
0.859
0.270
0.591
0.796
0.414
0.574
0.583
0.937
0.930
0.764
0.691
0.156
0.217
0.970
0.086
0.423
0.479
0.006
0.673
0.682
0.165
0.025
0.570
0.103
0.150
0.063
0.439
0.071
0.887
0.063
0.114
0.882
0.241
0.506
0.834
0.803
0.620
0.705
0.092
0.895
0.718
0.871
0.938
0.346
0.571
0.137
0.327
0.101
0.978
0.356
0.560
0.405
0.296
0.079
0.495
0.137
0.707
0.480
0.657
0.156
0.985
0.674
0.062
0.842
0.978
0.581
0.128
0.838
0.278
0.721
0.624
0.185
0.251
0.192
0.029
0.725
0.601
0.405
0.242
0.041
0.080
0.886
0.071
0.411
0.635
0.647
0.590
0.332
0.889
0.275
0.260
0.080
0.472
0.132
0.092
0.903
0.785
0.835
0.022
0.293
0.317
0.261
0.559
0.245
0.324
0.533
0.337
0.750
0.380
0.603
0.774
0.018
0.113
0.804
0.932
0.306
0.252
0.630
0.529
0.847
0.049
0.991
0.142
0.856
0.278
0.137
0.471
0.130
0.860
0.393
0.433
0.347
0.364
0.758
0.601
0.852
0.104
0.056
0.534
0.500
0.515
0.869
0.769
0.200
0.437
0.961
0.920
0.152
0.047
0.855
0.285
0.505
0.916
0.380
0.513
0.171
0.108
0.158
0.503
0.145
0.286
0.930
0.670
0.137
0.734
0.272
0.527
0.810
0.553
0.528
0.615
0.468
0.428
0.584
0.983
0.149
0.851
0.363
0.725
0.668
0.792
0.939
0.371
0.962
0.438
0.915
0.877
0.820
0.920
0.116
0.994
0.113
0.228
0.543
0.146
0.603
0.546
0.787
0.501
0.883
0.352
0.495
0.289
0.137
0.694
0.369
0.977
0.924
0.075
0.642
0.580
0.328
0.852
0.655
0.791
0.936
0.065
0.072
0.738
0.261
0.476
0.017
0.368
0.600
0.110
0.298
0.298
0.678
0.778
0.435
0.935
0.208
0.935
0.089
0.596
0.699
0.561
0.432
0.179
0.674
0.801
0.182
1.000
0.269
0.119
0.130
0.556
0.443
0.507
0.388
0.485
0.668
0.905
0.533
0.443
0.972
0.097
0.905
0.784
0.142
0.114
0.650
0.309
0.963
0.179
0.834
0.549
0.590
0.846
0.159
0.583
0.042
0.551
0.377
0.866
0.473
0.388
0.169
0.327
0.705
0.910
0.417
0.181
0.315
0.830
0.357
0.420
0.212
0.764
0.524
0.712
0.808
0.538
0.683
0.291
0.410
0.797
0.653
0.195
0.814
0.738
0.631
0.235
0.585
0.055
0.521
0.330
0.490
0.076
0.636
0.311
0.791
0.658
0.033
0.767
0.704
0.531
0.241
0.218
0.047
0.855
0.920
0.609
0.068
0.944
0.897
0.106
0.210
0.099
0.969
0.937
0.052
0.023
0.963
0.801
0.518
0.398
0.406
0.428
0.433
0.399
0.039
0.868
0.812
0.402
0.932
0.950
0.528
0.317
0.046
0.316
0.438
0.227
0.538
0.231
0.612
0.728
0.691
0.222
0.434
0.713
0.131
0.551
0.791
0.750
0.273
0.425
0.983
0.000
0.913
0.835
0.800
0.926
0.478
0.390
0.762
0.621
0.557
0.646
0.671
0.786
0.636
0.635
0.864
0.914
0.916
0.886
0.554
0.109
0.304
0.110
0.162
0.865
0.313
0.026
0.913
0.599
0.989
0.534
0.352
0.796
0.011
0.648
0.735
0.211
0.945
0.086
0.140
0.988
0.764
0.272
0.061
0.066
0.503
0.944
0.840
0.042
0.294
0.305
0.030
0.068
0.332
0.285
0.610
0.467
0.430
0.104
0.342
0.079
0.659
0.557
0.225
0.546
0.313
0.953
0.317
0.322
0.389
0.762
0.421
0.097
0.377
0.454
0.485
0.352
0.954
0.636
0.041
0.772
0.652
0.183
0.770
0.050
0.464
0.471
0.207
0.294
0.318
0.578
0.269
0.497
0.414
0.554
0.819
0.155
0.782
0.173
0.457
0.477
0.917
0.715
0.065
0.513
0.920
0.696
0.192
0.461
0.721
0.812
0.639
0.878
0.216
0.191
0.603
0.669
0.563
0.318
0.810
0.041
0.800
0.893
0.323
0.615
0.553
0.628
0.038
0.512
0.935
0.505
0.123
0.766
0.822
0.057
0.224
0.546
0.233
0.822
0.934
0.680
0.064
0.311
0.025
0.318
0.143
0.719
0.948
0.549
0.311
0.325
0.746
0.999
0.771
0.538
0.926
0.021
0.994
0.215
0.907
0.286
0.574
0.211
0.208
0.052
0.055
0.875
0.331
0.216
0.439
0.242
0.406
0.179
0.915
0.058
0.723
0.725
0.879
0.046
0.916
0.383
0.168
0.620
0.693
0.968
0.594
0.203
0.409
0.732
0.169
0.216
0.823
0.318
0.199
0.803
0.785
0.603
0.775
0.801
0.953
0.922
0.128
0.803
0.028
0.316
0.053
0.146
0.119
0.109
0.474
0.484
0.580
0.572
0.166
0.104
0.992
0.496
0.470
0.731
0.145
0.079
0.858
0.194
0.497
0.972
0.825
0.345
0.196
0.312
0.314
0.287
0.306
0.557
0.047
0.307
0.996
0.875
0.960
0.439
0.469
0.890
0.236
0.209
0.647
0.533
0.481
0.366
0.693
0.566
0.952
0.138
0.219
0.568
0.423
0.979
0.140
0.462
0.299
0.220
0.856
0.788
0.900
0.521
0.596
0.760
0.932
0.848
0.575
0.985
0.208
0.610
0.875
0.674
0.286
0.428
0.532
0.858
0.681
0.275
0.312
0.048
0.883
0.915
0.403
0.843
0.992
0.572
0.950
0.241
0.510
0.338
0.136
0.058
0.668
0.839
0.880
0.404
0.407
0.909
0.729
0.054
0.300
0.941
0.917
0.065
0.318
0.790
0.676
0.292
0.835
0.715
0.697
0.818
0.646
0.482
0.563
0.602
0.177
0.077
0.365
0.692
0.648
0.986
0.249
0.315
0.481
0.595
0.438
0.535
0.140
0.820
0.289
0.654
0.450
0.419
0.106
0.336
0.080
0.965
0.154
0.411
0.067
0.628
0.825
0.553
0.350
0.904
0.375
0.842
0.501
0.330
0.613
0.136
0.438
0.868
0.527
0.362
0.137
0.943
0.501
0.504
0.386
0.852
0.207
0.023
0.638
0.347
0.609
0.968
0.287
