0.368
0.512
0.836
0.539
0.794
0.042
0.322
0.048
0.153
0.133
0.907
0.137
0.285
0.014
0.309
0.452
0.522
0.114
0.416
0.091
0.815
0.641
0.411
0.478
0.232
0.564
0.548
0.568
0.125
0.698
0.180
0.258
0.999
0.681
0.334
0.933
0.853
0.411
0.159
0.805
0.969
0.611
0.507
0.601
0.402
0.283
0.663
0.824
0.161
0.281
0.931
0.048
0.021
0.439
0.755
0.275
0.750
0.652
0.664
0.051
0.430
0.551
0.642
0.056
0.992
0.690
0.200
0.599
0.051
0.508
0.064
0.565
0.305
0.992
0.154
0.557
0.782
0.402
0.429
0.668
0.564
0.921
0.414
0.496
0.852
0.522
0.802
0.118
0.856
0.939
0.069
0.633
0.625
0.509
0.733
0.308
0.913
0.430
0.533
0.578
0.615
0.076
0.811
0.540
0.394
0.709
0.460
0.474
0.680
0.402
0.224
0.625
0.904
0.806
0.678
0.459
0.061
0.770
0.402
0.055
0.442
0.385
0.152
0.824
0.054
0.596
0.701
0.354
0.620
0.970
0.077
0.799
0.496
0.455
0.554
0.926
0.306
0.665
0.486
0.026
0.001
0.914
0.877
0.472
0.711
0.365
0.172
0.214
0.729
0.170
0.526
0.430
0.417
0.183
0.415
0.425
0.979
0.772
0.311
0.120
0.311
0.856
0.794
0.656
0.398
0.623
0.880
0.464
0.225
0.323
0.522
0.621
0.824
0.141
0.310
0.255
0.109
0.068
0.276
0.891
0.735
0.559
0.761
0.393
0.810
0.991
0.742
0.913
0.508
0.711
0.163
0.221
0.865
0.267
0.472
0.695
0.756
0.918
0.531
0.980
0.076
0.010
0.678
0.815
0.789
0.277
0.402
0.525
0.406
0.879
0.249
0.692
0.916
0.715
0.595
0.898
0.191
0.807
0.074
0.937
0.984
0.139
0.089
0.949
0.195
0.030
0.005
0.330
0.999
0.661
0.056
0.902
0.441
0.195
0.366
0.025
0.717
0.323
0.881
0.340
0.060
0.966
0.940
0.810
0.618
0.267
0.342
0.258
0.102
0.434
0.469
0.165
0.427
0.596
0.165
0.188
0.436
0.940
0.317
0.551
0.995
0.938
0.277
0.100
0.158
0.554
0.887
0.359
0.275
0.658
0.258
0.886
0.614
0.661
0.182
0.806
0.068
0.042
0.784
0.506
0.839
0.393
0.757
0.623
0.637
0.730
0.568
0.389
0.693
0.290
0.006
0.443
0.510
0.456
0.001
0.681
0.105
0.008
0.107
0.468
0.267
0.161
0.682
0.471
0.199
0.455
0.653
0.414
0.394
0.452
0.013
0.236
0.224
0.060
0.867
0.069
0.467
0.267
0.046
0.401
0.869
0.173
0.405
0.561
0.382
0.865
0.329
0.353
0.302
0.237
0.773
0.391
0.679
0.784
0.903
0.185
0.540
0.631
0.508
0.912
0.300
0.862
0.725
0.605
0.650
0.777
0.102
0.483
0.180
0.403
0.072
0.703
0.635
0.754
0.306
0.793
0.350
0.195
0.592
0.349
0.535
0.898
0.892
0.464
0.138
0.068
0.819
0.007
0.732
0.760
0.238
0.524
0.150
0.674
0.283
0.283
0.106
0.955
0.697
0.256
0.892
0.390
0.819
0.277
0.355
0.461
0.241
0.886
0.587
0.512
0.280
0.314
0.420
0.608
0.787
0.440
0.120
0.823
0.997
0.177
0.364
0.312
0.951
0.618
0.533
0.931
0.684
0.960
0.786
0.410
0.159
0.447
0.150
0.574
0.191
0.427
0.494
0.449
0.778
0.241
0.531
0.105
0.640
0.840
0.709
0.401
0.907
0.952
0.088
0.692
0.425
0.444
0.931
0.454
0.796
0.774
0.626
0.807
0.638
0.043
0.324
0.758
0.355
0.520
0.429
0.306
0.211
0.996
0.280
0.577
0.482
0.217
0.713
0.757
0.869
0.254
0.857
0.860
0.497
0.392
0.566
0.324
0.212
0.088
0.437
0.725
0.663
0.055
0.091
0.418
0.834
0.034
0.017
0.215
0.643
0.189
0.527
0.542
0.387
0.775
0.533
0.592
0.373
0.966
0.543
0.951
0.929
0.078
0.439
0.408
0.165
0.460
0.730
0.552
0.784
0.798
0.102
0.766
0.639
0.022
0.517
0.824
0.902
0.283
0.642
0.075
0.733
0.693
0.738
0.376
0.390
0.124
0.409
0.207
0.715
0.629
0.771
0.002
0.936
0.996
0.715
0.070
0.773
0.083
0.993
0.407
0.882
0.652
0.821
0.455
0.484
0.468
0.409
0.036
0.821
0.356
0.168
0.460
0.330
0.655
0.423
0.674
0.890
0.423
0.624
0.227
0.567
0.837
0.014
0.279
0.562
0.123
0.282
0.043
0.011
0.319
0.371
0.072
0.124
0.064
0.620
0.033
0.191
0.048
0.076
0.995
0.000
0.140
0.533
0.300
0.342
0.049
0.622
0.406
0.691
0.741
0.118
0.859
0.555
0.198
0.465
0.118
0.258
0.113
0.365
0.949
0.816
0.398
0.317
0.835
0.278
0.310
0.045
0.011
0.718
0.239
0.487
0.250
0.458
0.560
0.226
0.805
0.477
0.669
0.168
0.085
0.528
0.692
0.433
0.057
0.611
0.642
0.727
0.767
0.958
0.993
0.100
0.475
0.847
0.858
0.802
0.636
0.005
0.386
0.717
0.634
0.530
0.727
0.960
0.511
0.106
0.773
0.976
0.420
0.474
0.761
0.370
0.904
0.295
0.879
0.007
0.481
0.075
0.722
0.618
0.232
0.733
0.200
0.338
0.417
0.965
0.451
0.210
0.842
0.559
0.762
0.937
0.083
0.533
0.973
0.369
0.944
0.725
0.833
0.249
0.475
0.739
0.900
0.259
0.898
0.879
0.076
0.360
0.034
0.951
0.677
0.468
0.312
0.162
0.830
0.450
0.114
0.303
0.504
0.353
0.309
0.349
0.452
0.997
0.363
0.244
0.235
0.125
0.376
0.806
0.415
0.632
0.133
0.963
0.536
0.680
0.084
0.192
0.342
0.849
0.076
0.859
0.629
0.755
0.430
0.251
0.139
0.643
0.924
0.018
0.187
0.815
0.985
0.797
0.913
0.661
0.122
0.875
0.140
0.013
0.322
0.722
0.700
0.889
0.431
0.223
0.277
0.300
0.196
0.013
0.782
0.228
0.145
0.513
0.614
0.722
0.040
0.764
0.680
0.689
0.892
0.851
0.573
0.115
0.464
0.995
0.469
0.664
0.899
0.443
0.357
0.292
0.554
0.530
0.487
0.871
0.825
0.390
0.692
0.646
0.479
0.658
0.061
0.388
0.180
0.003
0.553
0.837
0.153
0.666
0.293
0.685
0.163
0.019
0.874
0.951
0.612
0.328
0.867
0.764
0.794
0.641
0.377
0.093
0.804
0.992
0.411
0.968
0.616
0.220
0.249
0.144
0.241
0.506
0.981
0.925
0.359
0.611
0.510
0.533
0.235
0.590
0.229
0.627
0.019
0.686
0.599
0.109
0.211
0.713
0.759
0.016
0.666
0.968
0.101
0.350
0.604
0.814
0.456
0.484
0.622
0.182
0.011
0.571
0.636
0.607
0.573
0.815
0.645
0.112
0.448
0.170
0.191
0.188
0.989
0.352
0.058
0.637
0.668
0.133
0.968
0.591
0.775
0.531
0.738
0.485
0.162
0.612
0.728
0.364
0.047
0.532
0.603
0.051
0.254
0.635
0.460
0.727
0.788
0.537
0.296
0.597
0.374
0.441
0.590
0.720
0.525
0.623
0.388
0.943
0.426
0.613
0.690
0.919
0.419
0.862
0.717
0.274
0.257
0.575
0.056
0.795
0.953
0.512
0.940
0.030
0.814
0.626
0.251
0.984
0.184
0.919
0.124
0.879
0.319
0.387
0.425
0.997
0.416
0.235
0.952
0.883
0.147
0.561
0.321
0.837
0.287
0.739
0.987
0.094
0.078
0.895
0.637
0.214
0.270
0.825
0.325
0.924
0.634
0.625
0.433
0.468
0.505
0.540
0.134
0.632
0.749
0.178
0.561
0.281
0.770
0.104
0.646
0.134
0.330
0.808
0.327
0.872
0.312
0.762
0.735
0.411
0.990
0.861
0.409
0.634
0.672
0.682
0.287
0.388
0.951
0.803
0.605
0.330
0.079
0.310
0.505
0.161
0.850
0.150
0.980
0.332
0.855
0.909
0.678
0.405
0.276
0.536
0.112
0.026
0.495
0.770
0.101
0.842
0.817
0.572
0.162
0.021
0.226
0.182
0.031
0.240
0.524
0.005
0.774
0.363
0.794
0.835
0.551
0.708
0.790
0.910
0.711
0.696
0.586
0.175
0.949
0.833
0.231
0.214
0.659
0.914
0.312
0.792
0.253
0.513
0.770
0.056
0.597
0.231
0.100
0.424
0.739
0.136
0.393
0.151
0.822
0.076
0.466
0.508
0.000
0.872
0.176
0.131
0.055
0.597
0.657
0.112
0.570
0.217
0.839
0.826
0.575
0.008
0.929
0.632
0.207
0.629
0.109
0.242
0.021
0.976
0.164
0.623
0.421
0.104
0.127
0.626
0.526
0.182
0.254
0.574
0.417
0.165
0.276
0.040
0.061
0.196
0.582
0.082
0.418
0.509
0.166
0.102
0.844
0.900
0.256
0.418
0.632
0.177
0.530
0.910
0.369
0.364
0.563
0.178
0.625
0.050
0.175
0.445
0.703
0.956
0.780
0.177
0.272
0.472
0.319
0.256
0.741
0.356
0.894
0.459
0.345
0.955
0.298
0.092
0.094
0.223
0.004
0.182
0.914
0.171
0.795
0.763
0.013
0.095
0.020
0.887
0.518
0.394
0.080
0.171
0.791
0.459
0.565
0.463
0.010
0.030
0.100
0.937
0.660
0.888
0.123
0.521
0.775
0.625
0.668
0.584
0.509
0.772
0.197
0.853
0.357
0.711
0.843
0.774
0.015
0.069
0.515
0.527
0.651
0.384
0.472
0.965
0.067
0.301
0.157
0.214
0.225
0.755
0.293
0.265
0.715
0.320
0.632
0.467
0.347
0.780
0.898
0.411
0.199
0.682
0.663
0.210
0.354
0.507
0.272
0.258
0.546
0.970
0.582
0.450
0.055
0.095
0.790
0.331
0.328
0.079
0.626
0.159
0.974
0.019
0.485
0.889
0.628
0.643
0.093
0.614
0.710
0.503
0.640
0.768
0.411
0.379
0.688
0.979
0.893
0.398
0.189
0.118
0.872
0.359
0.973
0.026
0.173
0.077
0.685
0.121
0.978
0.531
0.879
0.772
0.785
0.029
0.774
0.480
0.930
0.865
0.202
0.923
0.434
0.002
0.254
0.039
0.261
0.174
0.740
0.588
0.157
0.578
0.227
0.495
0.008
0.509
0.574
0.535
0.749
0.479
0.779
0.587
0.636
0.951
0.445
0.526
0.250
0.083
0.081
0.999
0.438
0.348
0.060
0.862
0.158
0.420
0.313
0.992
0.147
0.574
0.167
0.038
0.688
0.454
0.326
0.610
0.179
0.263
0.669
0.801
0.848
0.037
0.404
0.817
0.774
0.119
0.630
0.768
0.074
0.320
0.959
0.990
0.715
0.708
0.501
0.679
0.872
0.640
0.346
0.962
0.919
0.442
0.274
0.823
0.466
0.281
0.979
0.996
0.930
0.851
0.154
0.349
0.297
0.089
0.670
0.792
0.430
0.530
0.277
0.187
0.046
0.432
0.034
0.671
0.566
0.893
0.417
0.453
0.485
0.510
0.773
0.859
0.455
0.358
0.245
0.221
0.199
0.139
0.433
0.743
0.841
0.348
0.303
0.717
0.814
0.104
0.629
0.777
0.424
0.451
0.616
0.721
0.895
0.576
0.501
0.543
0.544
0.169
0.759
0.695
0.228
0.075
0.313
0.890
0.813
0.461
0.381
0.418
0.694
0.045
0.054
0.237
0.144
0.972
0.074
0.799
0.884
0.726
0.207
0.385
0.223
0.815
0.998
0.253
0.381
0.336
0.321
0.097
0.624
0.412
0.350
0.419
0.451
0.160
0.927
0.674
0.345
0.001
0.100
0.209
0.819
0.446
0.889
0.081
0.703
0.646
0.314
0.186
0.269
0.048
0.112
0.597
0.725
0.358
0.664
0.535
0.797
0.270
0.535
0.488
0.713
0.081
0.402
0.373
0.743
0.390
0.022
0.535
0.406
0.788
0.446
0.792
0.299
0.699
0.024
0.404
0.813
0.362
0.327
0.193
0.604
0.234
0.467
0.939
0.161
0.478
0.428
0.692
0.185
0.700
0.841
0.412
0.000
0.124
0.980
0.568
0.452
0.577
0.034
0.308
0.886
0.885
0.112
0.134
0.683
0.951
0.555
0.787
0.828
0.671
0.174
0.066
0.334
0.014
0.789
0.242
0.428
0.867
0.522
0.632
0.302
0.423
0.245
0.331
0.209
0.685
0.981
0.473
0.376
0.187
0.466
0.459
0.708
0.626
0.345
0.543
0.908
0.746
0.551
0.834
0.917
0.162
0.824
0.252
0.126
0.613
0.361
0.602
0.401
0.507
0.887
0.976
0.241
0.090
0.563
0.914
0.249
0.737
0.275
0.973
0.738
0.658
0.262
0.630
0.306
0.669
0.448
0.345
0.114
0.765
0.591
0.115
0.036
0.305
0.321
0.712
0.435
0.358
0.432
0.989
0.673
0.142
0.807
0.845
0.830
0.986
0.330
0.567
0.734
0.133
0.860
0.512
0.374
0.466
0.489
0.429
0.066
0.837
0.187
0.380
0.628
0.738
0.477
0.283
0.089
0.168
0.295
0.836
0.605
0.212
0.871
0.704
0.087
0.932
0.754
0.006
0.956
0.670
0.523
0.796
0.790
0.282
0.901
0.604
0.048
0.549
0.296
0.572
0.205
0.410
0.327
0.075
0.823
0.176
0.727
0.545
0.549
0.302
0.047
0.155
0.771
0.303
0.747
0.156
0.827
0.146
0.217
0.904
0.900
0.412
0.467
0.030
0.773
0.233
0.737
0.495
0.645
0.722
0.870
0.703
0.976
0.408
0.218
0.137
0.181
0.923
0.415
0.596
0.201
0.061
0.195
0.197
0.390
0.450
0.994
0.085
0.113
0.541
0.602
0.618
0.876
0.354
0.217
0.372
0.534
0.065
0.662
0.732
0.116
0.269
0.150
0.980
0.002
0.315
0.163
0.781
0.445
0.792
0.448
0.752
0.978
0.705
0.018
0.469
0.257
0.255
0.195
0.139
0.671
0.876
0.011
0.894
0.970
0.878
0.820
0.590
0.877
0.036
0.282
0.519
0.479
0.720
0.231
0.169
0.532
0.101
0.407
0.393
0.312
0.091
0.832
0.748
0.968
0.258
0.037
0.113
0.388
0.782
0.479
0.727
0.335
0.450
0.477
0.546
0.456
0.843
0.164
0.253
0.148
0.147
0.280
0.120
0.948
0.187
0.643
0.464
0.207
0.161
0.953
0.434
0.602
0.415
0.265
0.482
0.598
0.502
0.849
0.716
0.671
0.248
0.076
0.245
0.061
0.502
0.096
0.881
0.554
0.980
0.485
0.642
0.124
0.913
0.195
0.934
0.720
0.673
0.344
0.127
0.588
0.551
0.428
0.702
0.917
0.037
0.275
0.461
0.454
0.289
0.966
0.858
0.221
0.226
0.192
0.375
0.999
0.900
0.632
0.108
0.568
0.789
0.003
0.656
0.413
0.537
0.030
0.102
0.712
0.010
0.688
0.811
0.162
0.301
0.194
0.627
0.798
0.140
0.995
0.225
0.351
0.453
0.193
0.947
0.405
0.427
0.635
0.728
0.255
0.644
0.449
0.280
0.085
0.655
0.826
0.324
0.639
0.810
0.774
0.145
0.488
0.575
0.667
0.547
0.999
0.388
0.639
0.335
0.816
0.712
0.009
0.425
0.016
0.510
0.334
0.015
0.901
0.481
0.392
0.800
0.958
0.747
0.096
0.784
0.530
0.284
0.299
0.740
0.576
0.571
0.921
0.552
0.259
0.259
0.540
0.118
0.383
0.659
0.398
0.172
0.603
0.382
0.705
0.502
0.856
0.463
0.871
0.923
0.779
0.727
0.992
0.504
0.804
0.395
0.435
0.619
0.378
0.396
0.916
0.801
0.161
0.312
0.691
0.299
0.048
0.595
0.491
0.222
0.397
0.746
0.761
0.190
0.209
0.170
0.240
0.618
0.854
0.754
0.247
0.810
0.195
0.321
0.806
0.867
0.267
0.429
0.333
0.027
0.369
0.549
0.657
0.204
0.034
0.087
0.217
0.679
0.961
0.009
0.944
0.751
0.931
0.376
0.123
0.354
0.038
0.355
0.709
0.897
0.485
0.597
0.481
0.159
0.546
0.999
0.850
0.150
0.197
0.741
0.885
0.059
0.812
0.894
0.147
0.881
0.922
0.374
0.279
0.694
0.736
0.172
0.434
0.624
0.678
0.185
0.488
0.074
0.500
0.029
0.853
0.157
0.231
0.968
0.520
0.633
0.171
0.655
0.984
0.935
0.104
0.706
0.199
0.015
0.930
0.844
0.530
0.777
0.421
0.400
0.202
0.295
0.942
0.212
0.797
0.239
0.146
0.067
0.366
0.981
0.505
0.909
0.544
0.896
0.180
0.921
0.221
0.960
0.725
0.693
0.513
0.151
0.152
0.285
0.472
0.407
0.961
0.733
0.082
0.281
0.068
0.691
0.617
0.364
0.319
0.111
0.043
0.096
0.958
0.889
0.015
0.289
0.979
0.285
0.868
0.022
0.724
0.047
0.016
0.021
0.251
0.476
0.395
0.495
0.421
0.869
0.779
0.725
0.437
0.556
0.616
0.168
0.783
0.065
0.275
0.098
0.931
0.173
0.354
0.380
0.797
0.490
0.322
0.396
0.759
0.970
0.197
0.740
0.994
0.026
0.632
0.317
0.905
0.337
0.805
0.240
0.231
0.313
0.184
0.735
0.018
0.596
0.079
0.841
0.028
0.389
0.018
0.765
0.832
0.323
0.025
0.715
0.645
0.577
0.253
0.611
0.240
0.157
0.684
0.991
0.405
0.551
0.519
0.130
0.507
0.694
0.844
0.945
0.670
0.584
0.298
0.694
0.904
0.477
0.966
0.499
0.822
0.506
0.065
0.285
0.101
0.621
0.154
0.517
0.545
0.698
0.865
0.850
0.340
0.586
0.545
0.980
0.426
0.752
0.593
0.093
0.206
0.785
0.211
0.394
0.621
0.734
0.561
0.071
0.718
0.807
0.152
0.185
0.693
0.639
0.558
0.674
0.951
0.057
0.219
0.958
0.120
0.241
0.866
0.800
0.630
0.977
0.257
0.271
0.018
0.529
0.984
0.890
0.806
0.050
0.188
0.205
0.167
0.510
0.585
0.012
0.066
0.036
0.643
0.672
0.704
0.179
0.102
0.197
0.193
0.491
0.244
0.114
0.433
0.148
0.184
0.064
0.607
0.065
0.245
0.423
0.840
0.941
0.156
0.963
0.627
0.557
0.233
0.049
0.385
0.475
0.730
0.703
0.712
0.696
0.883
0.165
0.495
0.048
0.185
0.796
0.516
0.482
0.920
0.792
0.697
0.179
0.385
0.126
0.442
0.728
0.116
0.705
0.688
0.802
0.943
0.671
0.764
0.919
0.398
0.220
0.267
0.505
0.790
0.583
0.800
0.127
0.213
0.709
0.206
0.485
0.362
0.903
0.590
0.609
0.686
0.534
0.415
0.391
0.019
0.697
0.050
0.604
0.959
0.811
0.242
0.680
0.665
0.896
0.507
0.820
0.561
0.975
0.899
0.891
0.606
0.140
0.547
0.424
0.236
0.522
0.887
0.079
0.540
0.327
0.255
0.118
0.811
0.841
0.835
0.255
0.175
0.876
0.772
0.496
0.947
0.325
0.988
0.242
0.660
0.553
0.840
0.227
0.660
0.529
0.867
0.482
0.547
0.346
0.877
0.848
0.994
0.061
0.177
0.584
0.989
0.310
0.481
0.489
0.120
0.435
0.633
0.895
0.072
0.326
0.520
0.265
0.665
0.367
0.388
0.514
0.817
0.627
0.142
0.486
0.729
0.831
0.124
0.843
0.253
0.315
0.580
0.673
0.582
0.955
0.964
0.578
0.945
0.508
0.157
0.732
0.442
0.145
0.958
0.820
0.946
0.606
0.074
0.197
0.447
0.121
0.800
0.601
0.810
0.202
0.675
0.341
0.717
0.297
0.221
0.426
0.534
0.550
0.871
0.591
0.609
0.376
0.207
0.792
0.961
0.524
0.936
0.738
0.943
0.009
0.206
0.544
0.260
0.379
0.161
0.459
0.675
0.362
0.826
0.139
0.091
0.292
0.755
0.418
0.373
0.573
0.287
0.833
0.835
0.696
0.407
0.944
0.606
0.517
0.117
0.923
0.974
0.055
0.569
0.461
0.099
0.842
0.598
0.344
0.563
0.937
0.872
0.161
0.539
0.515
0.050
0.174
0.451
0.033
0.785
0.827
0.023
0.542
0.496
0.547
0.538
0.258
0.761
0.506
0.318
0.486
0.910
0.606
0.352
0.525
0.986
0.546
0.936
0.454
0.334
0.681
0.216
0.003
0.138
0.601
0.993
0.335
0.807
0.485
0.332
0.097
0.540
0.496
0.498
0.186
0.245
0.607
0.501
0.132
0.809
0.897
0.046
0.446
0.103
0.694
0.580
0.747
0.190
0.081
0.992
0.831
0.189
0.405
0.278
0.298
0.333
0.744
0.623
0.691
0.308
0.486
0.419
0.394
0.386
0.795
0.845
0.492
0.616
0.048
0.493
0.073
0.444
0.282
0.802
0.906
0.887
0.969
0.267
0.673
0.998
0.639
0.377
0.706
0.211
0.157
0.587
0.624
0.915
0.937
0.097
0.509
0.280
0.409
0.937
0.749
0.474
0.118
0.834
0.387
0.974
0.569
0.002
0.767
0.178
0.267
0.729
0.060
0.081
0.057
0.334
0.425
0.981
0.620
0.980
0.005
0.725
0.875
0.649
0.083
0.132
0.144
0.543
0.578
0.915
0.289
0.482
0.394
0.138
0.185
0.641
0.686
0.461
0.956
0.237
0.834
0.919
0.721
0.946
0.235
0.024
0.824
0.654
0.642
0.023
0.011
0.121
0.844
0.517
0.938
0.394
0.454
0.981
0.757
0.384
0.100
0.571
0.626
0.191
0.886
0.918
0.939
0.580
0.870
0.735
0.162
0.993
0.216
0.235
0.123
0.086
0.919
0.263
0.262
0.614
0.425
0.698
0.257
0.039
0.099
0.252
0.563
0.246
0.998
0.014
0.763
0.796
0.534
0.208
0.891
0.037
0.235
0.039
0.189
0.842
0.785
0.537
0.889
0.498
0.274
0.075
0.015
0.585
0.215
0.621
0.489
0.655
0.687
0.396
0.921
0.835
0.773
0.599
0.837
0.759
0.439
0.817
0.419
0.667
0.676
0.261
0.059
0.244
0.270
0.629
0.127
0.206
0.147
0.858
0.504
0.711
0.859
0.584
0.395
0.324
0.301
0.293
0.322
0.234
0.428
0.068
0.053
0.792
0.009
0.672
0.072
0.695
0.555
0.903
0.649
0.508
0.778
0.618
0.871
0.637
0.341
0.170
0.244
0.311
0.339
0.325
0.898
0.158
0.651
0.607
0.972
0.948
0.512
0.787
0.740
0.414
0.996
0.662
0.846
0.516
0.110
0.389
0.535
0.593
0.318
0.727
0.621
0.621
0.338
0.070
0.993
0.004
0.242
0.426
0.736
0.676
0.844
0.459
0.364
0.548
0.303
0.786
0.423
0.491
0.591
0.017
0.522
0.334
0.610
0.139
0.088
0.448
0.108
0.847
0.958
0.782
0.649
0.885
0.756
0.517
0.808
0.739
0.325
0.428
0.608
0.644
0.168
0.497
0.997
0.709
0.918
0.713
0.531
0.634
0.412
0.449
0.937
0.220
0.519
0.943
0.889
0.940
0.475
0.028
0.607
0.198
0.773
0.827
0.161
0.508
0.667
0.686
0.121
0.395
0.967
0.249
0.639
0.617
0.731
0.939
0.229
0.412
0.288
0.600
0.778
0.838
0.356
0.404
0.070
0.651
0.598
0.330
0.411
0.078
0.314
0.767
0.271
0.837
0.732
0.275
0.622
0.103
0.237
0.607
0.547
0.678
0.411
0.491
0.031
0.112
0.843
0.914
0.716
0.972
0.600
0.326
0.561
0.472
0.235
0.532
0.422
0.308
0.875
0.505
0.493
0.374
0.895
0.708
0.109
0.239
0.444
0.343
0.893
0.147
0.713
0.879
0.664
0.152
0.050
0.817
0.368
0.662
0.174
0.416
0.254
0.903
0.654
0.397
0.605
0.911
0.414
0.297
0.676
0.565
0.806
0.823
0.889
0.533
0.065
0.398
0.298
0.659
0.423
0.706
0.663
0.662
0.574
0.756
0.165
0.052
0.174
0.411
0.201
0.198
0.924
0.425
0.388
0.127
0.258
0.261
0.250
0.583
0.013
0.597
0.743
0.857
0.350
0.368
0.808
0.954
0.658
0.994
0.246
0.594
0.083
0.108
0.809
0.623
0.895
0.559
0.087
0.800
0.592
0.194
0.288
0.793
0.739
0.810
0.886
0.219
0.404
0.815
0.886
0.743
0.473
0.168
0.127
0.534
0.957
0.591
0.938
0.280
0.043
0.148
0.357
0.390
0.900
0.810
0.310
0.569
0.686
0.751
0.641
0.423
0.919
0.483
0.546
0.058
0.949
0.325
0.557
0.601
0.435
0.914
0.307
0.719
0.264
0.426
0.618
0.945
0.510
0.788
0.341
0.122
0.907
0.751
0.336
0.864
0.773
0.362
0.961
0.767
0.292
0.644
0.482
0.714
0.200
0.882
0.833
0.779
0.814
0.255
0.604
0.832
0.947
0.338
0.046
0.633
0.882
0.134
0.877
0.091
0.066
0.171
0.473
0.734
0.412
0.050
0.065
0.588
0.525
0.446
0.942
0.908
0.926
0.005
0.646
0.378
0.603
0.036
0.269
0.016
0.274
0.501
0.734
0.683
0.432
0.386
0.982
0.727
0.949
0.549
0.216
0.769
0.797
0.637
0.615
0.331
0.623
0.930
0.555
0.299
0.277
0.953
0.012
0.585
0.501
0.922
0.444
0.797
0.279
0.128
0.926
0.991
0.019
0.543
0.998
0.615
0.498
0.951
0.640
0.362
0.350
0.291
0.625
0.081
0.611
0.612
0.451
0.868
0.207
0.755
0.164
0.425
0.286
0.994
0.908
0.214
0.308
0.048
0.214
0.720
0.373
0.634
0.346
0.665
0.539
0.139
0.430
0.910
0.541
0.588
0.273
0.276
0.067
0.918
0.868
0.790
0.061
0.112
0.472
0.209
0.627
0.689
0.239
0.713
0.413
0.060
0.056
0.128
0.952
0.400
0.405
0.453
0.864
0.489
0.032
0.052
0.106
0.864
0.191
0.840
0.777
0.027
0.516
0.259
0.415
0.205
0.112
0.196
0.347
0.479
0.752
0.780
0.713
0.033
0.815
0.342
0.899
0.594
0.592
0.694
0.440
0.959
0.735
0.700
0.290
0.202
0.770
0.331
0.974
0.284
0.343
0.745
0.857
0.107
0.786
0.858
0.855
0.899
0.462
0.240
0.705
0.300
0.379
0.860
0.456
0.813
0.053
0.318
0.128
0.891
0.021
0.817
0.077
0.328
0.493
0.245
0.060
0.427
0.826
0.533
0.988
0.087
0.639
0.496
0.089
0.093
0.914
0.397
0.369
0.291
0.951
0.506
0.245
0.516
0.094
0.161
0.410
0.789
0.199
0.062
0.729
0.486
0.389
0.180
0.425
0.435
0.904
0.734
0.601
0.062
0.827
0.727
0.304
0.337
0.989
0.692
0.438
0.507
0.464
0.494
0.932
0.955
0.468
0.590
0.819
0.488
0.342
0.079
0.480
0.161
0.014
0.947
0.174
0.367
0.106
0.841
0.585
0.898
0.490
0.591
0.021
0.194
0.823
0.148
0.808
0.154
0.181
0.820
0.746
0.069
0.489
0.278
0.463
0.320
0.598
0.475
0.736
0.137
0.135
0.359
0.082
0.856
0.908
0.617
0.506
0.950
0.531
0.597
0.887
0.421
0.700
0.947
0.472
0.345
0.997
0.248
0.188
0.553
0.393
0.483
0.195
0.916
0.125
0.860
0.627
0.261
0.510
0.891
0.351
0.078
0.833
0.600
0.325
0.951
0.787
0.503
0.404
0.166
0.719
0.100
0.405
0.516
0.572
0.119
0.944
0.067
0.502
0.116
0.245
0.085
0.862
0.105
0.261
0.043
0.013
0.648
0.101
0.720
0.812
0.893
0.803
0.892
0.825
0.798
0.485
0.859
0.081
0.685
0.599
0.852
0.443
0.796
0.594
0.058
0.005
0.390
0.863
0.051
0.012
0.028
0.525
0.990
0.477
0.050
0.450
0.632
0.981
0.206
0.687
0.253
0.933
0.365
0.311
0.577
0.661
0.349
0.561
0.575
0.210
0.226
0.563
0.203
0.567
0.507
0.319
0.196
0.119
0.254
0.420
0.087
0.402
0.567
0.057
0.037
0.453
0.444
0.947
0.476
0.735
0.182
0.864
0.836
0.759
0.586
0.231
0.558
0.117
0.944
0.516
0.303
0.612
0.575
0.228
0.788
0.878
0.689
0.832
0.147
0.013
0.985
0.910
0.524
0.590
0.267
0.871
0.153
0.191
0.090
0.213
0.106
0.362
0.429
0.876
0.132
0.878
0.751
0.423
0.522
0.851
0.573
0.636
0.567
0.461
0.366
0.652
0.539
0.953
0.730
0.089
0.257
0.572
0.729
0.275
0.407
0.331
0.000
0.893
0.231
0.406
0.685
0.373
0.510
0.154
0.737
0.519
0.480
0.519
0.869
0.275
0.727
0.072
0.650
0.935
0.940
0.316
0.155
0.527
0.747
0.104
0.083
0.852
0.965
0.333
0.278
0.268
0.631
0.855
0.415
0.471
0.054
0.225
0.088
0.066
0.506
0.355
0.235
0.215
0.250
0.705
0.578
0.704
0.620
0.226
0.684
0.066
0.823
0.948
0.792
0.484
0.516
0.353
0.941
0.589
0.025
0.547
0.067
0.126
0.579
0.986
0.211
0.361
0.411
0.999
0.276
0.030
0.625
0.352
0.932
0.385
0.207
0.352
0.958
0.776
0.163
0.049
0.460
0.635
0.946
0.137
0.164
0.991
0.458
0.393
0.200
0.213
0.745
0.903
0.246
0.349
0.269
0.116
0.811
0.836
0.057
0.220
0.358
0.105
0.310
0.352
0.054
0.472
0.372
0.528
0.274
0.437
0.480
0.608
0.219
0.668
0.440
0.286
0.835
0.773
0.337
0.841
0.831
0.307
0.853
0.300
0.505
0.771
0.800
0.291
0.734
0.847
0.387
0.652
0.891
0.569
0.374
0.108
0.936
0.471
0.762
0.207
0.787
0.413
0.526
0.216
0.408
0.047
0.461
0.310
0.115
0.234
0.317
0.518
0.030
0.520
0.397
0.422
0.232
0.307
0.696
0.667
0.642
0.408
0.070
0.278
0.466
0.286
0.276
0.695
0.932
0.672
0.221
0.154
0.303
0.735
0.863
0.200
0.734
0.267
0.543
0.750
0.462
0.776
0.045
0.582
0.080
0.282
0.415
0.274
0.948
0.385
0.916
0.165
0.772
0.718
0.083
0.902
0.680
0.091
0.965
0.743
0.699
0.653
0.083
0.596
0.487
0.583
0.559
0.057
0.212
0.419
0.352
0.668
0.003
0.795
0.870
0.391
0.510
0.393
0.339
0.608
0.256
0.303
0.060
0.785
0.442
0.742
0.137
0.021
0.819
0.534
0.399
0.610
0.739
0.422
0.507
0.810
0.632
0.846
0.448
0.623
0.389
0.499
0.865
0.346
0.734
0.848
0.675
0.913
0.606
0.040
0.666
0.029
0.426
0.126
0.139
0.012
0.606
0.912
0.223
0.644
0.192
0.076
0.098
0.428
0.085
0.909
0.196
0.443
0.269
0.167
0.774
0.719
0.064
0.627
0.482
0.884
0.968
0.139
0.495
0.094
0.600
0.649
0.317
0.305
0.781
0.537
0.413
0.930
0.421
0.696
0.597
0.392
0.901
0.942
0.074
0.673
0.101
0.641
0.203
0.868
0.104
0.914
0.782
0.822
0.677
0.836
0.245
0.696
0.083
0.709
0.077
0.007
0.472
0.590
0.961
0.334
0.239
0.344
0.526
0.043
0.003
0.561
0.284
0.417
0.439
0.647
0.807
0.310
0.040
0.484
0.014
0.650
0.322
0.882
0.841
0.671
0.675
0.943
0.192
0.201
0.060
0.897
0.492
0.874
0.413
0.421
0.872
0.932
0.813
0.911
0.747
0.064
0.567
0.821
0.324
0.734
0.530
0.467
0.081
0.452
0.521
0.695
0.517
0.462
0.077
0.360
0.646
0.046
0.223
0.020
0.340
0.034
0.590
0.020
0.729
0.884
0.402
0.150
0.914
0.015
0.478
0.618
0.781
0.689
0.946
0.265
0.125
0.357
0.068
0.600
0.971
0.993
0.375
0.629
0.566
0.428
0.222
0.244
0.922
0.773
0.968
0.137
0.597
0.305
0.301
0.855
0.303
0.841
0.725
0.013
0.485
0.959
0.393
0.584
0.883
0.051
0.646
0.735
0.929
0.649
0.821
0.549
0.104
0.010
0.579
0.573
0.897
0.753
0.103
0.965
0.413
0.896
0.320
0.753
0.439
0.709
0.210
0.650
0.543
0.042
0.369
0.192
0.199
0.694
0.847
0.217
0.083
0.085
0.187
0.106
0.485
0.183
0.190
0.170
0.753
0.166
0.305
0.477
0.012
0.515
0.383
0.455
0.140
0.934
0.932
0.601
0.344
0.873
0.035
0.192
0.221
0.914
0.210
0.906
0.431
0.098
0.526
0.318
0.176
0.389
0.561
0.573
0.456
0.105
0.989
0.548
0.321
0.701
0.201
0.426
0.944
0.617
0.827
0.097
0.102
0.243
0.642
0.076
0.169
0.846
0.377
0.003
0.265
0.798
0.515
0.842
0.697
0.657
0.219
0.064
0.667
0.861
0.669
0.324
0.258
0.448
0.276
0.465
0.396
0.789
0.923
0.093
0.996
0.637
0.750
0.220
0.328
0.779
0.796
0.939
0.031
0.088
0.339
0.967
0.780
0.038
0.201
0.912
0.685
0.170
0.888
0.777
0.175
0.042
0.527
0.405
0.878
0.308
0.425
0.809
0.792
0.179
0.519
0.670
0.239
0.482
0.062
0.872
0.459
0.838
0.507
0.728
0.156
0.137
0.520
0.577
0.518
0.836
0.457
0.514
0.711
0.649
0.690
0.101
0.197
0.779
0.247
0.076
0.543
0.217
0.450
0.305
0.487
0.909
0.328
0.900
0.349
0.329
0.435
0.368
0.640
0.006
0.950
0.420
0.845
0.746
0.350
0.358
0.721
0.223
0.007
0.408
0.565
0.899
0.070
0.398
0.517
0.982
0.025
0.451
0.439
0.766
0.846
0.550
0.944
0.203
0.759
0.448
0.527
0.119
0.423
0.715
0.645
0.988
0.862
0.358
0.117
0.089
0.715
0.396
0.701
0.526
0.503
0.002
0.822
0.682
0.464
0.831
0.890
0.033
0.997
0.265
0.095
0.644
0.199
0.730
0.237
0.531
0.977
0.943
0.925
0.481
0.385
0.663
0.098
0.602
0.844
0.195
0.317
0.825
0.770
0.727
0.059
0.297
0.666
0.378
0.736
0.571
0.013
0.067
0.894
0.928
0.888
0.749
0.075
0.082
0.501
0.939
0.673
0.974
0.340
0.127
0.068
0.083
0.609
0.610
0.491
0.442
0.683
0.782
0.370
0.143
0.036
0.048
0.247
0.745
0.089
0.818
0.239
0.471
0.726
0.428
0.992
0.669
0.345
0.151
0.090
0.132
0.044
0.198
0.593
0.173
0.541
0.581
0.563
0.731
0.077
0.536
0.622
0.015
0.408
0.282
0.724
0.440
0.053
0.098
0.607
0.917
0.202
0.404
0.088
0.193
0.422
0.747
0.910
0.021
0.154
0.489
0.828
0.991
0.392
0.878
0.998
0.768
0.141
0.122
0.691
0.342
0.155
0.276
0.765
0.469
0.682
0.984
0.834
0.111
0.715
0.849
0.315
0.770
0.094
0.132
0.555
0.554
0.176
0.942
0.090
0.259
0.347
0.225
0.586
0.522
0.898
0.164
0.007
0.643
0.064
0.455
0.879
0.032
0.234
0.410
0.463
0.753
0.591
0.494
0.824
0.748
0.118
0.508
0.492
0.364
0.498
0.969
0.906
0.496
0.215
0.585
0.553
0.759
0.847
0.261
0.886
0.305
0.600
0.812
0.422
0.436
0.383
0.155
0.489
0.292
0.688
0.140
0.043
0.618
0.408
0.176
0.355
0.022
0.614
0.374
0.546
0.834
0.311
0.606
0.644
0.758
0.201
0.829
0.009
0.902
0.390
0.421
0.674
0.963
0.125
0.444
0.732
0.816
0.772
0.430
0.942
0.382
0.884
0.518
0.177
0.808
0.999
0.145
0.066
0.387
0.041
0.146
0.183
0.420
0.334
0.822
0.183
0.502
0.913
0.675
0.900
0.007
0.192
0.824
0.481
0.646
0.253
0.398
0.795
0.505
0.807
0.381
0.530
0.410
0.799
0.548
0.593
0.676
0.724
0.462
0.285
0.365
0.312
0.736
0.344
0.745
0.494
0.710
0.256
0.986
0.021
0.882
0.780
0.353
0.327
0.581
0.733
0.018
0.023
0.448
0.516
0.615
0.637
0.052
0.982
0.024
0.141
0.278
0.239
0.609
0.825
0.734
0.870
0.065
0.461
0.553
0.700
0.304
0.716
0.209
0.228
0.424
0.023
0.810
0.651
0.130
0.778
0.522
0.994
0.542
0.831
0.183
0.999
0.097
0.118
0.493
0.448
0.127
0.212
0.639
0.576
0.185
0.477
0.620
0.786
0.587
0.818
0.288
0.274
0.087
0.874
0.530
0.841
0.622
0.183
0.983
0.107
0.307
0.931
0.835
0.159
0.874
0.363
0.369
0.795
0.009
0.717
0.066
0.961
0.952
0.798
0.812
0.953
0.958
0.473
0.133
0.192
0.402
0.795
0.561
0.799
0.212
0.716
0.563
0.615
0.530
0.545
0.326
0.381
0.702
0.016
0.921
0.860
0.741
0.022
0.762
0.847
0.934
0.714
0.224
0.419
0.456
0.215
0.512
0.028
0.936
0.329
0.036
0.091
0.901
0.800
0.102
0.596
0.748
0.828
0.927
0.116
0.198
0.022
0.587
0.980
0.307
0.521
0.208
0.198
0.399
0.295
0.181
0.283
0.751
0.830
0.767
0.536
0.460
0.453
0.975
0.959
0.953
0.461
0.890
0.983
0.303
0.732
0.724
0.101
0.276
0.972
0.019
0.160
0.956
0.888
0.917
0.090
0.762
0.138
0.465
0.821
0.696
0.677
0.355
0.495
0.979
0.555
0.824
0.942
0.363
0.288
0.250
0.124
0.712
0.299
0.635
0.949
0.330
0.696
0.859
0.697
0.911
0.117
0.462
0.326
0.310
0.700
0.800
0.554
0.335
0.129
0.644
0.218
0.991
0.370
0.690
0.483
0.143
0.439
0.739
0.402
0.014
0.582
0.464
0.668
0.941
0.336
0.216
0.217
0.473
0.732
0.098
0.407
0.509
0.780
0.879
0.281
0.653
0.646
0.310
0.622
0.545
0.638
0.294
0.964
0.302
0.153
0.685
0.221
0.625
0.727
0.410
0.956
0.518
0.098
0.615
0.398
0.254
0.888
0.992
0.434
0.725
0.818
0.775
0.166
0.057
0.410
0.494
0.475
0.761
0.258
0.378
0.029
0.948
0.978
0.282
0.525
0.372
0.622
0.344
0.439
0.134
0.549
0.167
0.966
0.062
0.010
0.590
0.729
0.317
0.202
0.607
0.857
0.069
0.303
0.878
0.748
0.758
0.438
0.641
0.370
0.802
0.032
0.008
0.474
0.775
0.418
0.351
0.491
0.161
0.956
0.157
0.338
0.989
0.294
0.124
0.646
0.477
0.036
0.776
0.467
0.810
0.976
0.394
0.631
0.437
0.764
0.278
0.768
0.691
0.107
0.531
0.759
0.932
0.139
0.432
0.110
0.558
0.325
0.907
0.673
0.798
0.962
0.924
0.600
0.127
0.720
0.011
0.362
0.501
0.792
0.056
0.630
0.277
0.415
0.727
0.903
0.361
0.243
0.899
0.329
0.540
0.727
0.038
0.454
0.063
0.205
0.846
0.838
0.807
0.113
0.788
0.923
0.499
0.053
0.405
0.725
0.099
0.413
0.406
0.457
0.071
0.389
0.531
0.522
0.380
0.257
0.748
0.327
0.241
0.784
0.384
0.006
0.374
0.931
0.726
0.808
0.459
0.093
0.892
0.989
0.278
0.670
0.586
0.232
0.285
0.589
0.408
0.597
0.832
0.857
0.757
0.498
0.546
0.835
0.121
0.118
0.104
0.054
0.505
0.711
0.355
0.870
0.170
0.698
0.700
0.265
0.158
0.816
0.972
0.316
0.811
0.719
0.018
0.732
0.237
0.928
0.032
0.223
0.439
0.785
0.910
0.643
0.620
0.291
0.223
0.350
0.927
0.715
0.666
0.327
0.024
0.095
0.467
0.273
0.936
0.990
0.226
0.222
0.169
0.845
0.364
0.130
0.094
0.057
0.057
0.169
0.122
0.577
0.472
0.889
0.587
0.382
0.460
0.756
0.998
0.731
0.397
0.580
0.669
0.871
0.588
0.066
0.354
0.063
0.907
0.606
0.431
0.217
0.198
0.049
0.145
0.348
0.079
0.451
0.833
0.762
0.871
0.118
0.765
0.847
0.460
0.760
0.613
0.828
0.702
0.080
0.133
0.580
0.447
0.413
0.355
0.615
0.417
0.409
0.268
0.422
0.678
0.479
0.519
0.040
0.568
0.232
0.421
0.913
0.928
0.161
0.130
0.348
0.231
0.810
0.547
0.996
0.386
0.680
0.894
0.599
0.959
0.232
0.834
0.530
0.071
0.335
0.426
0.769
0.525
0.065
0.976
0.007
0.919
0.313
0.187
0.101
0.286
0.073
0.806
0.984
0.246
0.879
0.619
0.180
0.608
0.121
0.861
0.054
0.768
0.593
0.240
0.218
0.096
0.496
0.730
0.884
0.938
0.128
0.978
0.175
0.055
0.852
0.327
0.968
0.370
0.114
0.780
0.183
0.064
0.434
0.056
0.484
0.165
0.423
0.778
0.206
0.450
0.348
0.804
0.849
0.827
0.756
0.314
0.184
0.464
0.580
0.122
0.830
0.613
0.774
0.108
0.167
0.644
0.441
0.823
0.105
0.487
0.893
0.178
0.164
0.217
0.322
0.541
0.829
0.439
0.914
0.176
0.669
0.291
0.955
0.582
0.414
0.734
0.426
0.530
0.849
0.566
0.747
0.577
0.885
0.276
0.797
0.794
0.380
0.147
0.839
0.496
0.874
0.887
0.537
0.888
0.949
0.250
0.990
0.119
0.196
0.192
0.443
0.756
0.737
0.888
0.693
0.104
0.508
0.734
0.323
0.381
0.069
0.069
0.201
0.636
1.000
0.760
0.058
0.421
0.382
0.904
0.980
0.751
0.295
0.991
0.236
0.048
0.104
0.055
0.460
0.411
0.519
0.395
0.423
0.728
0.381
0.341
0.076
0.115
0.148
0.809
0.177
0.071
0.262
0.956
0.325
0.737
0.387
0.490
0.019
0.505
0.980
0.966
0.559
0.444
0.922
0.391
0.352
0.434
0.465
0.050
0.362
0.752
0.819
0.857
0.265
0.992
0.812
0.158
0.010
0.607
0.474
0.280
0.108
0.218
0.440
0.169
0.696
0.623
0.678
0.257
0.838
0.777
0.616
0.131
0.932
0.036
0.720
0.885
0.034
0.472
0.135
0.256
0.081
0.616
0.109
0.284
0.440
0.102
0.518
0.568
0.855
0.953
0.480
0.615
0.787
0.004
0.726
0.178
0.709
0.648
0.787
0.798
0.513
0.187
0.764
0.070
0.533
0.542
0.739
0.090
0.941
0.803
0.413
0.398
0.670
0.758
0.285
0.713
0.829
0.720
0.014
0.938
0.826
0.900
0.896
0.616
0.855
0.666
0.962
0.106
0.471
0.131
0.937
0.194
0.520
0.773
0.582
0.091
0.154
0.621
0.859
0.458
0.986
0.761
0.259
0.478
0.487
0.779
0.159
0.963
0.034
0.881
0.252
0.978
0.176
0.085
0.682
0.285
0.158
0.257
0.229
0.178
0.395
0.924
0.909
0.692
0.454
0.957
0.957
0.890
0.665
0.303
0.630
0.228
0.050
0.162
0.234
0.713
0.590
0.320
0.096
0.959
0.099
0.910
0.995
0.919
0.543
0.533
0.213
0.461
0.218
0.169
0.327
0.918
0.840
0.588
0.780
0.231
0.459
0.225
0.068
0.661
0.499
0.348
0.626
0.247
0.214
0.871
0.261
0.836
0.836
0.732
0.606
0.309
0.150
0.139
0.623
0.377
0.843
0.329
0.666
0.924
0.256
0.827
0.410
0.254
0.840
0.845
0.010
0.500
0.417
0.875
0.611
0.919
0.194
0.501
0.562
0.271
0.113
0.099
0.701
0.087
0.889
0.468
0.590
0.882
0.410
0.348
0.767
0.992
0.075
0.788
0.895
0.169
0.901
0.848
0.090
0.466
0.052
0.950
0.556
0.238
0.960
0.841
0.461
0.410
0.750
0.685
0.168
0.954
0.947
0.902
0.729
0.192
0.401
0.787
0.583
0.496
0.663
0.071
0.028
0.204
0.800
0.331
0.541
0.783
0.874
0.651
0.840
0.496
0.561
0.472
0.873
0.453
0.558
0.838
0.998
0.524
0.035
0.538
0.079
0.549
0.637
0.602
0.420
0.053
0.441
0.457
0.271
0.390
0.535
0.439
0.532
0.680
0.012
0.951
0.472
0.123
0.276
0.353
0.772
0.302
0.814
0.630
0.638
0.387
0.468
0.987
0.794
0.893
0.949
0.773
0.333
0.420
0.257
0.718
0.000
0.116
0.434
0.796
0.557
0.489
0.757
0.977
0.236
0.515
0.892
0.518
0.204
0.484
0.889
0.344
0.616
0.103
0.826
0.143
0.999
0.823
0.213
0.676
0.994
0.183
0.194
0.338
0.102
0.215
0.705
0.604
0.067
0.227
0.647
0.625
0.073
0.352
0.253
0.195
0.033
0.126
0.137
0.399
0.380
0.731
0.398
0.421
0.707
0.644
0.977
0.677
0.407
0.430
0.809
0.577
0.923
0.651
0.055
0.137
0.446
0.736
0.717
0.997
0.076
0.743
0.739
0.848
0.555
0.158
0.721
0.861
0.728
0.142
0.538
0.677
0.687
0.163
0.135
0.706
0.578
0.034
0.763
0.486
0.521
0.256
0.186
0.775
0.241
0.557
0.324
0.646
0.034
0.025
0.212
0.456
0.733
0.331
0.981
0.916
0.097
0.822
0.205
0.735
0.801
0.958
0.669
0.079
0.090
0.763
0.338
0.998
0.112
0.504
0.962
0.935
0.268
0.273
0.425
0.285
0.850
0.628
0.588
0.142
0.477
0.073
0.025
0.816
0.039
0.424
0.834
0.261
0.109
0.185
0.501
0.597
0.131
0.736
0.322
0.696
0.311
0.707
0.139
0.822
0.449
0.020
0.829
0.830
0.658
0.376
0.220
0.249
0.127
0.612
0.096
0.529
0.510
0.909
0.790
0.170
0.425
0.399
0.745
0.539
0.971
0.927
0.532
0.054
0.662
0.058
0.960
0.261
0.261
0.958
0.030
0.494
0.110
0.871
0.767
0.923
0.101
0.491
0.418
0.815
0.045
0.032
0.850
0.097
0.364
0.071
0.831
0.075
0.883
0.019
0.788
0.231
0.515
0.789
0.331
0.688
0.478
0.772
0.594
0.448
0.789
0.132
0.951
0.615
0.307
0.040
0.668
0.612
0.852
0.999
0.854
0.002
0.976
0.725
0.658
0.978
0.088
0.203
0.964
0.252
0.917
0.956
0.114
0.342
0.797
0.846
0.898
0.185
0.104
0.802
0.856
0.618
0.601
0.302
0.361
0.495
0.847
0.302
0.634
0.113
0.677
0.810
0.499
0.840
0.860
0.420
0.899
0.402
0.544
0.161
0.855
0.499
0.111
0.571
0.013
0.937
0.208
0.969
0.455
0.578
0.322
0.775
0.113
0.408
0.538
0.061
0.823
0.674
0.050
0.996
0.512
0.379
0.628
0.617
0.921
0.760
0.041
0.262
0.963
0.569
0.417
0.370
0.827
0.606
0.695
0.184
0.362
0.369
0.995
0.275
0.601
0.044
0.962
0.231
0.689
0.531
0.129
0.849
0.175
0.876
0.607
0.596
0.353
0.653
0.404
0.442
0.652
0.855
0.794
0.358
0.491
0.843
0.881
0.763
0.519
0.849
0.467
0.053
0.754
0.004
0.811
0.086
0.415
0.659
0.341
0.975
0.258
0.882
0.970
0.813
0.212
0.667
0.180
0.026
0.030
0.241
0.452
0.003
0.373
0.591
0.575
0.844
0.691
0.503
0.891
0.560
0.313
0.132
0.184
0.196
0.298
0.685
0.739
0.493
0.448
0.860
0.153
0.306
0.006
0.918
0.009
0.095
0.854
0.927
0.714
0.667
0.845
0.475
0.714
0.324
0.216
0.058
0.749
0.393
0.167
0.429
0.327
0.282
0.344
0.907
0.757
0.284
0.903
0.342
0.546
0.913
0.764
0.670
0.187
0.829
0.385
0.496
0.366
0.410
0.730
0.333
0.897
0.555
0.903
0.013
0.399
0.441
0.938
0.710
0.951
0.418
0.023
0.532
0.457
0.515
0.365
0.640
0.318
0.844
0.864
0.039
0.508
0.390
0.860
0.645
0.002
0.595
0.145
0.304
0.305
0.587
0.590
0.350
0.702
0.346
0.758
0.844
0.488
0.796
0.139
0.543
0.933
0.305
0.310
0.060
0.818
0.308
0.145
0.532
0.658
0.611
0.629
0.113
0.753
0.516
0.252
0.054
0.213
0.017
0.848
0.060
0.711
0.708
0.957
0.245
0.304
0.391
0.782
0.741
0.041
0.778
0.264
0.550
0.701
0.054
0.172
0.222
0.313
0.911
0.612
0.729
0.508
0.734
0.175
0.712
0.424
0.600
0.046
0.635
0.257
1.000
0.938
0.905
0.787
0.675
0.806
0.263
0.267
0.329
0.565
0.251
0.429
0.067
0.487
0.278
0.354
0.045
0.163
0.535
0.356
0.855
0.098
0.972
0.523
0.388
0.007
0.415
0.108
0.159
0.374
0.891
0.265
0.023
0.079
0.374
0.286
0.941
0.545
0.032
0.148
0.188
0.722
0.802
0.888
0.679
0.258
0.771
0.532
0.844
0.982
0.948
0.065
0.304
0.016
0.426
0.660
0.842
0.253
0.295
0.730
0.489
0.820
0.150
0.896
0.085
0.001
0.109
0.456
0.472
0.756
0.982
0.481
0.533
0.464
0.633
0.859
0.587
0.073
0.965
0.781
0.157
0.134
0.171
0.175
0.194
0.196
0.496
0.312
0.193
0.963
0.155
0.228
0.415
0.550
0.999
0.377
0.298
0.188
0.713
0.112
0.279
0.927
0.224
0.542
0.602
0.568
0.880
0.296
0.490
0.218
0.901
0.778
0.374
0.175
0.074
0.971
0.766
0.732
0.973
0.946
0.343
0.296
0.888
0.491
0.251
0.678
0.321
0.824
0.655
0.988
0.380
0.234
0.275
0.286
0.124
0.552
0.029
0.824
0.542
0.555
0.668
0.711
0.510
0.526
0.474
0.992
0.740
0.406
0.696
0.311
0.845
0.574
0.040
0.249
0.068
0.914
0.568
0.104
0.446
0.172
0.342
0.158
0.712
0.801
0.240
0.473
0.521
0.594
0.616
0.622
0.581
0.869
0.786
0.761
0.470
0.134
0.139
0.963
0.511
0.407
0.529
0.885
0.989
0.738
0.442
0.814
0.666
0.967
0.049
0.980
0.482
0.828
0.281
0.354
0.469
0.493
0.127
0.403
0.829
0.688
0.469
0.666
0.827
0.350
0.057
0.796
0.464
0.068
0.896
0.562
0.114
0.868
0.006
0.505
0.358
0.885
0.041
0.060
0.527
0.516
0.701
0.740
0.856
0.407
0.540
0.339
0.655
0.490
0.966
0.458
0.482
0.978
0.751
0.520
0.543
0.601
0.286
0.361
0.894
0.839
0.157
0.913
0.222
0.174
0.005
0.235
0.914
0.394
0.552
0.823
0.851
0.947
0.920
0.777
0.450
0.794
0.071
0.844
0.770
0.854
0.261
0.936
0.871
0.943
0.868
0.744
0.439
0.413
0.476
0.928
0.391
0.473
0.361
0.689
0.801
0.205
0.062
0.188
0.172
0.547
0.935
0.420
0.228
0.135
0.690
0.561
0.079
0.393
0.349
0.430
0.411
0.792
0.865
0.755
0.011
0.112
0.183
0.565
0.755
0.437
0.930
0.275
0.083
0.514
0.724
0.147
0.776
0.155
0.703
0.309
0.997
0.874
0.721
0.052
0.433
0.648
0.705
0.087
0.136
0.988
0.254
0.270
0.864
1.000
0.205
0.090
0.249
0.351
0.740
0.271
0.781
0.539
0.352
0.472
0.266
0.983
0.228
0.977
0.489
0.882
0.167
0.108
0.528
0.646
0.014
0.974
0.964
0.718
0.433
0.459
0.067
0.042
0.655
0.901
0.494
0.901
0.814
0.387
0.484
0.385
0.262
0.612
0.430
0.561
0.777
0.979
0.685
0.159
0.822
0.310
0.010
0.197
0.104
0.030
0.361
0.308
0.317
0.735
0.391
0.982
0.192
0.994
0.079
0.110
0.420
0.152
0.290
0.137
0.588
0.450
0.868
0.327
0.530
0.418
0.741
0.013
0.476
0.514
0.065
0.518
0.571
0.778
0.459
0.733
0.515
0.297
0.882
0.447
0.764
0.244
0.363
0.029
0.161
0.756
0.302
0.272
0.217
0.440
0.296
0.522
0.476
0.115
0.835
0.507
0.208
0.089
0.227
0.072
0.286
0.703
0.994
0.709
0.216
0.180
0.149
0.976
0.828
0.158
0.396
0.986
0.257
0.121
0.843
0.573
0.614
0.672
0.989
0.867
0.362
0.588
0.919
0.159
0.504
0.360
0.262
0.867
0.144
0.451
0.616
0.153
0.628
0.902
0.518
0.459
0.032
0.168
0.192
0.095
0.395
0.244
0.000
0.361
0.780
0.151
0.627
0.330
0.899
0.103
0.083
0.948
0.308
0.697
0.692
0.594
0.624
0.012
0.170
0.945
0.691
0.495
0.748
0.503
0.420
0.562
0.551
0.277
0.270
0.436
0.824
0.666
0.831
0.109
0.219
0.930
0.416
0.658
0.544
0.429
0.121
0.890
0.934
0.626
0.136
0.569
0.805
0.478
0.754
0.566
0.464
0.038
0.034
0.239
0.695
0.108
0.159
0.886
0.964
0.241
0.313
0.226
0.255
0.060
0.914
0.857
0.440
0.149
0.442
0.798
0.687
0.009
0.809
0.152
0.874
0.219
0.817
0.237
0.171
0.284
0.204
0.647
0.053
0.735
0.869
0.280
0.314
0.738
0.117
0.079
0.327
0.958
0.596
0.078
0.152
0.458
0.064
0.395
0.160
0.020
0.859
0.811
0.439
0.234
0.445
0.468
0.978
0.721
0.074
0.517
0.270
0.306
0.218
0.300
0.262
0.950
0.846
0.488
0.542
0.500
0.869
0.381
0.747
0.633
0.125
0.212
0.918
0.457
0.999
0.434
0.571
0.137
0.474
0.770
0.379
0.863
0.041
0.979
0.333
0.167
0.760
0.881
0.304
0.805
0.535
0.558
0.454
0.497
0.868
0.736
0.506
0.517
0.135
0.407
0.656
0.316
0.770
0.110
0.860
0.125
0.005
0.798
0.883
0.219
0.080
0.650
0.955
0.231
0.117
0.877
0.900
0.677
0.984
0.776
0.840
0.892
0.053
0.010
0.571
0.759
0.871
0.791
0.056
0.802
0.750
0.198
0.880
0.398
0.270
0.346
0.795
0.085
0.475
0.500
0.604
0.109
0.933
0.554
0.024
0.817
0.895
0.574
0.117
0.347
0.219
0.831
0.631
0.308
0.051
0.489
0.288
0.682
0.303
0.500
0.101
0.653
0.751
0.455
0.664
0.127
0.415
0.054
0.290
0.777
0.487
0.888
0.042
0.083
0.705
0.894
0.262
0.856
0.445
0.956
0.243
0.987
0.739
0.882
0.070
0.965
0.715
0.978
0.153
0.002
0.021
0.134
0.021
0.105
0.641
0.646
0.177
0.810
0.598
0.212
0.460
0.526
0.162
0.828
0.028
0.339
0.730
0.512
0.235
0.673
0.696
0.400
0.828
0.233
0.725
0.180
0.691
0.084
0.396
0.559
0.264
0.898
0.548
0.655
0.055
0.984
0.296
0.298
0.188
0.937
0.271
0.871
0.710
0.644
0.439
0.660
0.479
0.940
0.065
0.986
0.030
0.007
0.173
0.636
0.646
0.727
0.673
0.836
0.817
0.621
0.673
0.244
0.644
0.103
0.698
0.944
0.566
0.114
0.512
0.173
0.366
0.838
0.463
0.963
0.672
0.003
0.748
0.695
0.635
0.099
0.792
0.783
0.595
0.933
0.350
0.264
0.929
0.737
0.206
0.849
0.245
0.036
0.243
0.182
0.059
0.414
0.608
0.908
0.492
0.650
0.030
0.268
0.943
0.822
0.154
0.061
0.941
0.316
0.413
0.479
0.185
0.459
0.647
0.743
0.423
0.502
0.777
0.266
0.540
0.037
0.281
0.093
0.904
0.786
0.454
0.308
0.338
0.094
0.568
0.086
0.074
0.967
0.022
0.184
0.461
0.207
0.732
0.764
0.952
0.089
0.271
0.305
0.669
0.837
0.991
0.423
0.821
0.595
0.371
0.051
0.725
0.281
0.597
0.228
0.349
0.708
0.743
0.035
0.792
0.744
0.076
0.229
0.452
0.168
0.434
0.009
0.269
0.252
0.936
0.099
0.669
0.412
0.801
0.122
0.697
0.456
0.696
0.097
0.218
0.377
0.743
0.725
0.104
0.815
0.833
0.487
0.422
0.312
0.710
0.838
0.115
0.768
0.628
0.084
0.668
0.760
0.512
0.858
0.771
0.176
0.369
0.128
0.368
0.324
0.315
0.554
0.942
0.281
0.242
0.666
0.214
0.445
0.821
0.748
0.338
0.032
0.601
0.201
0.839
0.443
0.706
0.336
0.769
0.631
0.800
0.161
0.237
0.835
0.006
0.335
0.718
0.248
0.509
0.069
0.019
0.584
0.179
0.845
0.476
0.176
0.476
0.195
0.090
0.009
0.580
0.129
0.977
0.858
0.791
0.841
0.256
0.330
0.889
0.678
0.082
0.157
0.499
0.677
0.105
0.780
0.970
0.091
0.002
0.878
0.307
0.153
0.864
0.720
0.285
0.467
0.616
0.721
0.509
0.569
0.121
0.496
0.165
0.151
0.114
0.846
0.395
0.086
0.241
0.630
0.710
0.036
0.905
0.451
0.399
0.793
0.639
0.446
0.260
0.493
0.643
0.374
0.484
0.502
0.770
0.795
0.627
0.777
0.726
0.966
0.034
0.481
0.952
0.769
0.342
0.915
0.577
0.594
0.160
0.785
0.916
0.584
0.023
0.766
0.707
0.806
0.535
0.309
0.834
0.432
0.176
0.392
0.065
0.599
0.717
0.462
0.451
0.196
0.498
0.823
0.951
0.058
0.086
0.903
0.680
0.098
0.779
0.277
0.255
0.270
0.492
0.900
0.866
0.137
0.190
0.406
0.188
0.034
0.268
0.113
0.313
0.615
0.658
0.100
0.189
0.115
0.196
0.884
0.004
0.099
0.494
0.883
0.471
0.593
0.142
0.185
0.740
0.877
0.606
0.303
0.933
0.099
0.148
0.867
0.741
0.431
0.437
0.564
0.700
0.720
0.035
0.030
0.090
0.614
0.707
0.489
0.496
0.016
0.823
0.129
0.735
0.335
0.359
0.142
0.263
0.522
0.729
0.867
0.463
0.842
0.665
0.909
0.756
0.564
0.887
0.143
0.350
0.484
0.275
0.209
0.204
0.294
0.217
0.613
0.339
0.933
0.170
0.885
0.540
0.434
0.144
0.155
0.698
0.419
0.231
0.327
0.404
0.232
0.996
0.982
0.828
0.742
0.563
0.064
0.380
0.124
0.658
0.604
0.123
0.960
0.653
0.477
0.785
0.423
0.723
0.890
0.729
0.692
0.981
0.669
0.803
0.036
0.114
0.722
0.494
0.783
0.716
0.201
0.582
0.472
0.991
0.764
0.594
0.317
0.922
0.468
0.269
0.616
0.552
0.629
0.815
0.405
0.877
0.932
0.900
0.681
0.778
0.198
0.147
0.859
0.051
0.878
0.752
0.003
0.724
0.163
0.884
0.270
0.952
0.831
0.352
0.374
0.525
0.208
0.497
0.958
0.665
0.824
0.428
0.141
0.532
0.795
0.152
0.737
0.044
0.580
0.025
0.503
0.339
0.591
0.284
0.633
0.720
0.216
0.203
0.667
0.588
1.000
0.178
0.966
0.812
0.703
0.523
0.760
0.413
0.249
0.564
0.758
0.393
0.135
0.460
0.089
0.562
0.709
0.139
0.927
0.188
0.886
0.757
0.275
0.231
0.984
0.449
0.981
0.041
0.628
0.507
0.371
0.901
0.049
0.411
0.057
0.661
0.318
0.938
0.828
0.550
0.706
0.818
0.943
0.653
0.989
0.129
0.461
0.975
0.137
0.076
0.939
0.057
0.555
0.740
0.471
0.453
0.076
0.888
0.404
0.485
0.064
0.884
0.061
0.422
0.010
0.665
0.172
0.890
0.853
0.803
0.080
0.681
0.262
0.758
0.118
0.842
0.487
0.236
0.648
0.489
0.184
0.040
0.213
0.790
0.144
0.581
0.580
0.553
0.477
0.891
0.113
0.302
0.286
0.428
0.376
0.393
0.754
0.660
0.176
0.903
0.575
0.499
0.864
0.876
0.055
0.331
0.335
0.886
0.454
0.394
0.669
0.179
0.296
0.201
0.635
0.620
0.222
0.864
0.902
0.168
0.961
0.526
0.296
0.090
0.091
0.794
0.830
0.233
0.650
0.563
0.721
0.105
0.488
0.437
0.147
0.703
0.408
0.134
0.015
0.890
0.930
0.304
0.157
0.548
0.522
0.154
0.256
0.121
0.797
0.126
0.626
0.740
0.298
0.991
0.500
0.851
0.799
0.724
0.267
0.610
0.707
0.143
0.392
0.753
0.749
0.240
0.375
0.187
0.909
0.557
0.400
0.087
0.325
0.824
0.135
0.917
0.755
0.419
0.889
0.059
0.389
0.703
0.914
0.397
0.572
0.451
0.642
0.185
0.769
0.016
0.630
0.738
0.984
0.344
0.050
0.590
0.484
0.524
0.785
0.240
0.059
0.128
0.892
0.681
0.043
0.520
0.186
0.853
0.084
0.720
0.362
0.492
0.907
0.103
0.883
0.736
0.161
0.382
0.890
0.681
0.571
0.044
0.435
0.927
0.923
0.217
0.187
0.663
0.327
0.087
0.352
0.892
0.702
0.198
0.014
0.782
0.572
0.687
0.991
0.904
0.751
0.311
0.919
0.704
0.369
0.313
0.282
0.729
0.648
0.778
0.615
0.626
0.692
0.663
0.912
0.729
0.580
0.003
0.132
0.345
0.639
0.459
0.142
0.131
0.179
0.752
0.774
0.045
0.805
0.227
0.381
0.672
0.976
0.919
0.553
0.863
0.112
0.280
0.666
0.103
0.772
0.754
0.066
0.511
0.679
0.469
0.236
0.822
0.993
0.256
0.922
0.737
0.537
0.029
0.986
0.777
0.219
0.836
0.063
0.791
0.786
0.033
0.783
0.218
0.090
0.816
0.427
0.336
0.607
0.248
0.159
0.105
0.871
0.910
0.136
0.001
0.770
0.727
0.278
0.074
0.136
0.616
0.224
0.493
0.154
0.181
0.259
0.049
0.509
0.190
0.201
0.547
0.223
0.187
0.722
0.841
0.151
0.650
0.441
0.523
0.913
0.384
0.455
0.805
0.038
0.421
0.690
0.007
0.183
0.331
0.740
0.995
0.467
0.526
0.394
0.661
0.006
0.098
0.011
0.444
0.596
0.844
0.491
0.324
0.434
0.660
0.479
0.078
0.229
0.951
0.553
0.674
0.747
0.876
0.414
0.541
0.835
0.029
0.191
0.134
0.479
0.782
0.449
0.884
0.103
0.157
0.042
0.035
0.584
0.952
0.117
0.365
0.878
0.310
0.637
0.994
0.087
0.689
0.016
0.974
0.827
0.202
0.568
0.069
0.903
0.856
0.977
0.346
0.464
0.271
0.032
0.651
0.900
0.165
0.214
0.801
0.296
0.210
0.060
0.831
0.169
0.135
0.018
0.134
0.768
0.149
0.604
0.012
0.866
0.104
0.099
0.073
0.282
0.280
0.131
0.925
0.325
0.082
0.898
0.595
0.819
0.910
0.990
0.616
0.261
0.803
0.043
0.602
0.886
0.844
0.345
0.548
0.615
0.565
0.381
0.222
0.281
0.369
0.690
0.505
0.571
0.125
0.971
0.430
0.852
0.727
0.116
0.322
0.202
0.795
0.448
0.248
0.139
0.213
0.045
0.998
0.306
0.934
0.042
0.422
0.381
0.745
0.763
0.131
0.766
0.897
0.953
0.862
0.222
0.024
0.925
0.118
0.704
0.891
0.443
0.029
0.696
0.576
0.791
0.576
0.644
0.984
0.305
0.591
0.158
0.029
0.218
0.396
0.028
0.974
0.747
0.651
0.986
0.132
0.559
0.158
0.716
0.963
0.402
0.446
0.465
0.896
0.384
0.499
0.337
0.939
0.345
0.953
0.835
0.107
0.071
0.270
0.097
0.746
0.347
0.016
0.870
0.482
0.899
0.621
0.206
0.217
0.192
0.888
0.991
0.859
0.424
0.082
0.780
0.761
0.013
0.536
0.206
0.966
0.394
0.424
0.068
0.401
0.393
0.385
0.695
0.189
0.244
0.173
0.036
0.885
0.182
0.432
0.261
0.150
0.186
0.702
0.914
0.005
0.912
0.865
0.057
0.536
0.638
0.555
0.594
0.185
0.962
0.625
0.423
0.735
0.051
0.990
0.887
0.929
0.243
0.918
0.660
0.660
0.586
0.145
0.042
0.471
0.793
0.466
0.501
0.450
0.660
0.748
0.576
0.660
0.018
0.756
0.490
0.859
0.313
0.979
0.764
0.407
0.572
0.596
0.254
0.093
0.876
0.265
0.200
0.770
0.905
0.988
0.871
0.817
0.048
0.338
0.539
0.907
0.618
0.861
0.511
0.926
0.450
0.197
0.247
0.441
0.632
0.035
0.026
0.734
0.320
0.135
0.863
0.229
0.614
0.639
0.576
0.069
0.562
0.103
0.184
0.426
0.079
0.244
0.322
0.164
0.688
0.748
0.906
0.546
0.632
0.495
0.934
0.780
0.376
0.867
0.405
0.353
0.338
0.838
0.928
0.516
0.791
0.505
0.202
0.133
0.450
0.432
0.322
0.708
0.807
0.947
0.741
0.936
0.064
0.676
0.373
0.602
0.388
0.131
0.638
0.832
0.354
0.486
0.892
0.728
0.820
0.012
0.719
0.655
0.378
0.048
0.281
0.072
0.491
0.173
0.244
0.596
0.266
0.952
0.211
0.458
0.355
0.352
0.774
0.777
0.678
0.595
0.519
0.760
0.977
0.547
0.889
0.284
0.093
0.763
0.601
0.635
0.563
0.870
0.665
0.089
0.485
0.695
0.639
0.914
0.367
0.819
0.987
0.830
0.468
0.381
0.004
0.905
0.316
0.264
0.341
0.476
0.107
0.475
0.862
0.460
0.897
0.207
0.916
0.669
0.506
0.540
0.921
0.729
0.471
0.490
0.709
0.389
0.520
0.988
0.447
0.304
0.975
0.993
0.255
0.339
0.863
0.793
0.774
0.701
0.457
0.692
0.303
0.253
0.343
0.290
0.816
0.694
0.641
0.412
0.374
0.665
0.259
0.748
0.634
0.765
0.122
0.953
0.102
0.207
0.100
0.952
0.611
0.397
0.750
0.882
0.723
0.340
0.960
0.274
0.082
0.188
0.769
0.512
0.853
0.987
0.718
0.583
0.161
0.603
0.746
0.353
0.252
0.733
0.311
0.111
0.488
0.802
0.976
0.443
0.845
0.926
0.878
0.746
0.926
0.469
0.024
0.948
0.046
0.892
0.966
0.342
0.905
0.759
0.066
0.227
0.298
0.062
0.398
0.539
0.858
0.206
0.259
0.947
0.176
0.948
0.682
0.884
0.510
0.198
0.693
0.856
0.210
0.251
0.614
0.527
0.901
0.266
0.281
0.854
0.819
0.943
0.757
0.497
0.916
0.329
0.845
0.372
0.187
0.393
0.213
0.369
0.271
0.516
0.510
0.873
0.260
0.975
0.635
0.582
0.200
0.974
0.064
0.504
0.883
0.699
0.183
0.412
0.594
0.773
0.410
0.757
0.211
0.658
0.272
0.979
0.138
0.148
0.534
0.074
0.231
0.320
0.082
0.628
0.557
0.468
0.749
0.398
0.297
0.390
0.612
0.106
0.428
0.883
0.360
0.981
0.424
0.799
0.801
0.673
0.733
0.627
0.317
0.758
0.092
0.158
0.983
0.539
0.645
0.708
0.286
0.282
0.660
0.707
0.567
0.809
0.129
0.012
0.252
0.256
0.497
0.276
0.878
0.907
0.062
0.462
0.349
0.267
0.989
0.679
0.876
0.881
0.370
0.111
0.592
0.283
0.501
0.151
0.826
0.889
0.092
0.781
0.226
0.956
0.250
0.929
0.683
0.558
0.825
0.061
0.699
0.197
0.346
0.216
0.094
0.605
0.668
0.900
0.961
0.749
0.647
0.667
0.687
0.936
0.044
0.717
0.376
0.392
0.052
0.668
0.004
0.034
0.772
0.356
0.095
0.885
0.459
0.869
0.617
0.533
0.703
0.395
0.006
0.663
0.730
0.726
0.072
0.945
0.274
0.805
0.958
0.032
0.954
0.099
0.425
0.283
0.388
0.328
0.007
0.324
0.289
0.074
0.983
0.681
0.973
0.102
0.320
0.219
0.167
0.901
0.434
0.052
0.386
0.991
0.109
0.116
0.227
0.792
0.507
0.308
0.658
0.088
0.674
0.770
0.065
0.694
0.351
0.207
0.635
0.575
0.534
0.716
0.030
0.669
0.797
0.236
0.079
0.724
0.836
0.466
0.564
0.418
0.277
0.417
0.080
0.470
0.770
0.498
0.825
0.764
0.316
0.797
0.204
0.733
0.789
0.378
0.468
0.353
0.739
0.865
0.006
0.530
0.492
0.881
0.087
0.846
0.421
0.446
0.012
0.421
0.626
0.114
0.187
0.816
0.478
0.259
0.305
0.288
0.544
0.688
0.546
0.962
0.572
0.084
0.737
0.327
0.747
0.177
0.791
0.804
0.962
0.636
0.830
0.077
0.617
0.811
0.262
0.270
0.351
0.949
0.635
0.014
0.102
0.750
0.938
0.710
0.801
0.731
0.028
0.347
0.273
0.463
0.977
0.412
0.118
0.273
0.524
0.239
0.595
0.860
0.533
0.903
0.839
0.304
0.073
0.751
0.732
0.177
0.196
0.344
0.685
0.515
0.709
0.723
0.776
0.402
0.848
0.106
0.875
0.632
0.106
0.882
0.013
0.602
0.166
0.118
0.888
0.002
0.805
0.537
0.883
0.543
0.689
0.857
0.172
0.025
0.202
0.367
0.855
0.922
0.993
0.505
0.805
0.163
0.805
0.435
0.818
0.446
0.114
0.086
0.480
0.552
0.574
0.983
0.045
0.691
0.872
0.370
0.557
0.692
0.864
0.997
0.155
0.852
0.742
0.157
0.823
0.355
0.354
0.494
0.397
0.553
0.301
0.666
0.864
0.896
0.856
0.584
0.674
0.430
0.466
0.021
0.562
0.494
0.146
0.376
0.543
0.805
0.391
0.394
0.591
0.251
0.570
0.169
0.644
0.440
0.255
0.984
0.467
0.058
0.725
0.131
0.554
0.474
0.503
0.674
0.967
0.449
0.086
0.499
0.681
0.051
0.463
0.940
0.329
0.466
0.543
0.923
0.723
0.786
0.877
0.964
0.970
0.677
0.822
0.902
0.276
0.797
0.135
0.423
0.346
0.143
0.707
0.726
0.739
0.579
0.820
0.812
0.040
0.400
0.608
0.611
0.681
0.061
0.924
0.845
0.599
0.574
0.853
0.934
0.400
0.150
0.188
0.266
0.157
0.977
0.560
0.927
0.983
0.569
0.039
0.756
0.393
0.559
0.277
0.000
0.780
0.694
0.241
0.336
0.225
0.233
0.552
0.127
0.603
0.894
0.276
0.052
0.453
0.726
0.998
0.761
0.038
0.682
0.897
0.234
0.190
0.827
0.043
0.795
0.197
0.416
0.542
0.067
0.530
0.051
0.609
0.931
0.966
0.167
0.885
0.424
0.778
0.353
0.426
0.147
0.077
0.264
0.992
0.220
0.088
0.947
0.080
0.469
0.510
0.475
0.509
0.473
0.265
0.089
0.254
0.470
0.694
0.731
0.566
0.893
0.125
0.081
0.239
0.851
0.977
0.728
0.999
0.149
0.822
0.599
0.383
0.043
0.873
0.621
0.098
0.318
0.750
0.611
0.401
0.637
0.571
0.369
0.540
0.828
0.322
0.487
0.472
0.525
0.049
0.342
0.524
0.085
0.524
0.035
0.991
0.666
0.168
0.780
0.906
0.465
0.546
0.873
0.811
0.535
0.920
0.439
0.567
0.821
0.567
0.472
0.194
0.158
0.442
0.716
0.141
0.151
0.928
0.198
0.154
0.690
0.136
0.955
0.640
0.242
0.127
0.095
0.432
0.876
0.603
0.887
0.876
0.006
0.484
0.054
0.139
0.114
0.502
0.551
0.891
0.391
0.862
0.216
0.400
0.411
0.731
0.496
0.377
0.772
0.493
0.758
0.780
0.841
0.714
0.350
0.994
0.190
0.927
0.081
0.889
0.431
0.096
0.224
0.763
0.469
0.923
0.724
0.470
0.419
0.869
0.699
0.921
0.872
0.456
0.378
0.804
0.805
0.852
0.947
0.769
0.863
0.869
0.761
0.417
0.242
0.214
0.641
0.982
0.096
0.782
0.404
0.079
0.959
0.543
0.670
0.382
0.534
0.820
0.958
0.016
0.854
0.034
0.977
0.357
0.113
0.642
0.852
0.735
0.135
0.005
0.272
0.809
0.961
0.389
0.531
0.384
0.763
0.755
0.974
0.735
0.341
0.976
0.839
0.462
0.385
0.475
0.943
0.731
0.633
0.632
0.916
0.338
0.943
0.534
0.440
0.576
0.032
0.980
0.239
0.149
0.904
0.049
0.713
0.201
0.800
0.285
0.975
0.517
0.698
0.425
0.105
0.320
0.893
0.062
0.766
0.187
0.770
0.063
0.576
0.582
0.995
0.494
0.525
0.749
0.141
0.301
0.394
0.658
0.282
0.608
0.518
0.748
0.275
0.437
0.949
0.829
0.463
0.832
0.666
0.699
0.162
0.572
0.616
0.594
0.030
0.771
0.920
0.116
0.483
0.739
0.418
0.154
0.486
0.187
0.234
0.079
0.251
0.184
0.947
0.260
0.422
0.633
0.381
0.629
0.308
0.935
0.305
0.642
0.967
0.727
0.596
0.255
0.466
0.960
0.100
0.124
0.254
0.786
0.953
0.394
0.225
0.154
0.154
0.712
0.929
0.267
0.576
0.469
0.576
0.278
0.823
0.993
0.542
0.388
0.741
0.901
0.040
0.380
0.299
0.575
0.179
0.304
0.691
0.525
0.076
0.501
0.569
0.270
0.105
0.024
0.954
0.028
0.773
0.761
0.266
0.064
0.559
0.163
0.764
0.811
0.559
0.490
0.487
0.099
0.998
0.699
0.834
0.476
0.888
0.746
0.698
0.287
0.051
0.941
0.448
0.506
0.086
0.578
0.628
0.255
0.980
0.591
0.808
0.644
0.413
0.052
0.234
0.200
0.177
0.674
0.442
0.278
0.255
0.027
0.562
0.137
0.756
0.782
0.146
0.164
0.240
0.472
0.849
0.944
0.882
0.211
0.599
0.626
0.853
0.101
0.662
0.361
0.441
0.648
0.818
0.678
0.697
0.815
0.199
0.725
0.964
0.101
0.424
0.912
0.352
0.680
0.980
0.157
0.567
0.330
0.257
0.174
1.000
0.701
0.093
0.035
0.214
0.370
0.261
0.993
0.470
0.037
0.931
0.512
0.313
0.368
0.238
0.466
0.036
0.829
0.735
0.801
0.198
0.912
0.666
0.926
0.724
0.689
0.482
0.813
0.743
0.825
0.912
0.467
0.042
0.098
0.375
0.028
0.819
0.819
0.003
0.848
0.322
0.935
0.296
0.612
0.115
0.681
0.633
0.079
0.462
0.823
0.391
0.522
0.910
0.054
0.297
0.040
0.478
0.197
0.648
0.578
0.490
0.831
0.884
0.047
0.782
0.082
0.382
0.968
0.236
0.231
0.601
0.442
0.510
0.293
0.765
0.289
0.013
0.630
0.966
0.463
0.497
0.395
0.873
0.094
0.507
0.781
0.022
0.326
0.877
0.017
0.849
0.671
0.792
0.570
0.724
0.515
0.386
0.631
0.654
0.410
0.507
0.502
0.714
0.870
0.077
0.116
0.376
0.989
0.430
0.103
0.762
0.339
0.008
0.674
0.407
0.909
0.032
0.724
0.160
0.892
0.944
0.885
0.012
0.081
0.665
0.874
0.624
0.276
0.777
0.849
0.450
0.275
0.643
0.626
0.308
0.371
0.416
0.766
0.075
0.226
0.897
0.839
0.712
0.964
0.949
0.902
0.025
0.692
0.225
0.169
0.932
0.852
0.654
0.271
0.200
0.440
0.342
0.643
0.543
0.368
0.819
0.899
0.394
0.727
0.513
0.010
0.028
0.215
0.345
0.291
0.450
0.231
0.639
0.813
0.104
0.554
0.812
0.063
0.202
0.371
0.061
0.232
0.235
0.472
0.596
0.866
0.390
0.715
0.151
0.279
0.411
0.066
0.915
0.061
0.675
0.097
0.239
0.747
0.938
0.947
0.557
0.990
0.459
0.256
0.779
0.281
0.884
0.180
0.605
0.808
0.562
0.208
0.610
0.295
0.215
0.988
0.377
0.564
0.028
0.396
0.379
0.295
0.404
0.098
0.160
0.227
0.292
0.304
0.537
0.632
0.276
0.406
0.332
0.601
0.062
0.327
0.466
0.534
0.620
0.124
0.560
0.868
0.668
0.899
0.423
0.510
0.166
0.260
0.650
0.104
0.711
0.158
0.698
0.718
0.163
0.959
0.290
0.999
0.059
0.629
0.018
0.265
0.742
0.008
0.906
0.213
0.960
0.506
0.196
0.449
0.448
0.369
0.167
0.791
0.294
0.841
0.126
0.440
0.516
0.150
0.530
0.642
0.336
0.722
0.941
0.193
0.644
0.051
0.914
0.078
0.969
0.650
0.616
0.690
0.331
0.247
0.740
0.596
0.028
0.392
0.755
0.470
0.656
0.115
0.518
0.678
0.369
0.046
0.672
0.093
0.271
0.147
0.216
0.077
0.516
0.990
0.192
0.193
0.218
0.633
0.498
0.279
0.804
0.482
0.464
0.822
0.053
0.321
0.573
0.376
0.659
0.424
0.776
0.279
0.973
0.969
0.424
0.307
0.258
0.082
0.472
0.277
0.393
0.486
0.199
0.381
0.855
0.936
0.867
0.141
0.305
0.524
0.372
0.048
0.961
0.318
0.006
0.740
0.261
0.954
0.298
0.653
0.520
0.132
0.443
0.374
0.789
0.192
0.904
0.285
0.330
0.637
0.816
0.363
0.857
0.463
0.766
0.357
0.672
0.032
0.297
0.024
0.427
0.102
0.308
0.913
0.002
0.256
0.255
0.076
0.166
0.801
0.688
0.451
0.437
0.368
0.924
0.216
0.022
0.489
0.386
0.288
0.701
0.803
0.715
0.974
0.997
0.485
0.235
0.772
0.168
0.991
0.099
0.612
0.038
0.335
0.748
0.528
0.728
0.759
0.694
0.635
0.943
0.147
0.358
0.719
0.413
0.339
0.671
0.970
0.133
0.755
0.977
0.912
0.894
0.121
0.236
0.453
0.491
0.080
0.344
0.947
0.469
0.160
0.164
0.650
0.132
0.619
0.741
0.234
0.077
0.786
0.353
0.502
0.837
0.490
0.699
0.361
0.343
0.117
0.570
0.316
0.625
0.150
0.913
0.519
0.910
0.861
0.748
0.657
0.282
0.666
0.492
0.750
0.247
0.298
0.767
0.904
0.281
0.347
0.942
0.139
0.081
0.265
0.145
0.129
0.550
0.227
0.763
0.758
0.381
0.782
0.255
0.737
0.255
0.870
0.314
0.386
0.712
0.009
0.749
0.297
0.408
0.204
0.193
0.690
0.477
0.572
0.522
0.748
0.836
0.889
0.604
0.602
0.770
0.975
0.771
0.403
0.722
0.737
0.121
0.661
0.478
0.960
0.345
0.438
0.943
0.317
0.797
0.284
0.801
0.723
0.612
0.463
0.408
0.047
0.961
0.695
0.169
0.303
0.015
0.291
0.213
0.220
0.175
0.571
0.978
0.369
0.039
0.672
0.756
0.295
0.118
0.302
0.245
0.146
0.385
0.907
0.349
0.342
0.040
0.649
0.254
0.755
0.954
0.178
0.459
0.735
0.449
0.807
0.392
0.038
0.550
0.769
0.154
0.596
0.274
0.225
0.658
0.880
0.981
0.623
0.393
0.224
0.176
0.080
0.764
0.929
0.786
0.382
0.701
0.688
0.456
0.224
0.796
0.322
0.977
0.262
0.442
0.648
0.593
0.406
0.540
0.825
0.254
0.628
0.612
0.752
0.419
0.446
0.314
0.415
0.156
0.387
0.007
0.060
0.805
0.054
0.362
0.445
0.249
0.266
0.087
0.474
0.361
0.110
0.405
0.943
0.412
0.341
0.525
0.975
0.083
0.238
0.219
0.186
0.494
0.598
0.258
0.959
0.182
0.547
0.552
0.790
0.764
0.079
0.340
0.554
0.016
0.477
0.149
0.772
0.495
0.389
0.605
0.388
0.134
0.695
0.923
0.197
0.688
0.120
0.269
0.256
0.406
0.103
0.313
0.304
0.217
0.367
0.442
0.608
0.721
0.562
0.339
0.622
0.936
0.568
0.304
0.980
0.988
0.581
0.623
0.431
0.321
0.457
0.730
0.981
0.576
0.224
0.940
0.396
0.184
0.704
0.942
0.172
0.412
0.564
0.121
0.924
0.504
0.859
0.392
0.242
0.447
0.265
0.177
0.313
0.665
0.411
0.160
0.811
0.105
0.948
0.911
0.670
0.788
0.398
0.862
0.531
0.228
0.527
0.211
0.853
0.812
0.274
0.836
0.247
0.032
0.298
0.557
0.838
0.970
0.944
0.442
0.135
0.048
0.104
0.707
0.630
0.934
0.569
0.839
0.188
0.818
0.468
0.644
0.752
0.622
0.553
0.303
0.165
0.583
0.671
0.148
0.810
0.425
0.797
0.974
0.322
0.797
0.335
0.305
0.306
0.030
0.906
0.027
0.906
0.228
0.872
0.617
0.244
0.423
0.843
0.815
0.588
0.107
0.775
0.931
0.169
0.338
0.130
0.940
0.226
0.251
0.429
0.573
0.535
0.789
0.045
0.883
0.498
0.622
0.114
0.707
0.823
0.869
0.964
0.213
0.276
0.156
0.488
0.502
0.352
0.205
0.056
0.810
0.695
0.284
0.114
0.669
0.987
0.269
0.066
0.182
0.076
0.179
0.246
0.323
0.788
0.601
0.895
0.117
0.394
0.941
0.418
0.466
0.851
0.731
0.299
0.437
0.538
0.932
0.959
0.366
0.747
0.539
0.221
0.256
0.750
0.508
0.895
0.990
0.710
0.985
0.598
0.943
0.768
0.689
0.058
0.537
0.039
0.197
0.718
0.013
0.924
0.852
0.754
0.588
0.693
0.017
0.741
0.175
0.818
0.734
0.349
0.976
0.769
0.750
0.824
0.007
0.270
0.989
0.645
0.140
0.710
0.560
0.856
0.003
0.728
0.953
0.725
0.718
0.260
0.999
0.712
0.936
0.250
0.499
0.453
0.130
0.883
0.824
0.317
0.486
0.571
0.523
0.884
0.246
0.620
0.581
0.529
0.154
0.052
0.741
0.400
0.984
0.132
0.571
0.013
0.188
0.131
0.302
0.490
0.140
0.503
0.216
0.968
0.909
0.166
0.978
0.859
0.556
0.164
0.185
0.718
0.092
0.045
0.731
0.662
0.699
0.969
0.956
0.880
0.788
0.837
0.546
0.913
0.462
0.009
0.633
0.563
0.854
0.816
0.492
0.433
0.688
0.140
0.306
0.072
0.004
0.007
0.048
0.687
0.206
0.040
0.911
0.460
0.654
0.861
0.315
0.564
0.493
0.141
0.058
0.908
0.381
0.844
0.975
0.560
0.400
0.915
0.283
0.200
0.259
0.113
0.688
0.289
0.901
0.960
0.120
0.710
0.073
0.728
0.169
0.086
0.747
0.181
0.138
0.599
0.995
0.905
0.473
0.573
0.901
0.577
0.901
0.859
0.235
0.048
0.757
0.656
0.297
0.530
0.280
0.763
0.793
0.740
0.047
0.877
0.141
0.069
0.301
0.055
0.704
0.641
0.863
0.390
0.089
0.055
0.069
0.956
0.381
0.539
0.995
0.805
0.572
0.366
0.197
0.750
0.216
0.880
0.908
0.665
0.117
0.736
0.434
0.027
0.975
0.032
0.330
0.757
0.863
0.301
0.822
0.704
0.098
0.240
0.512
0.074
0.692
0.259
0.585
0.079
0.423
0.302
0.415
0.483
0.579
0.483
0.881
0.289
0.114
0.754
0.171
0.611
0.501
0.330
0.302
0.361
0.949
0.039
0.024
0.899
0.155
0.139
0.866
0.720
0.635
0.996
0.892
0.454
0.920
0.222
0.603
0.348
0.434
0.274
0.905
0.682
0.734
0.920
0.219
0.907
0.513
0.901
0.678
0.335
0.707
0.193
0.781
0.639
0.155
0.819
0.930
0.167
0.597
0.503
0.529
0.799
0.145
0.210
0.807
0.988
0.240
0.295
0.075
0.462
0.851
0.772
0.005
0.254
0.474
0.789
0.792
0.142
0.567
0.746
0.968
0.434
0.290
0.798
0.030
0.227
0.506
0.496
0.241
0.150
0.961
0.741
0.298
0.840
0.621
0.627
0.274
0.124
0.254
0.064
0.374
0.534
0.602
0.593
0.089
0.911
0.628
0.712
0.200
0.545
0.660
0.694
0.509
0.352
0.454
0.907
0.798
0.752
0.892
0.750
0.709
0.007
0.324
0.182
0.817
0.332
0.402
0.210
0.288
0.828
0.089
0.842
0.571
0.757
0.155
0.843
0.396
0.510
0.998
0.586
0.246
0.612
0.382
0.999
0.822
0.039
0.006
0.479
0.579
0.115
0.186
0.678
0.310
0.418
0.568
0.011
0.573
0.222
0.631
0.179
0.702
0.918
0.850
0.125
0.496
0.703
0.081
0.732
0.013
0.618
0.270
0.760
0.480
0.728
0.219
0.994
0.766
0.787
0.381
0.701
0.857
0.640
0.898
0.693
0.491
0.751
0.471
0.453
0.033
0.010
0.224
0.389
0.711
0.685
0.156
0.089
0.340
0.799
0.903
0.199
0.472
0.426
0.997
0.794
0.774
0.624
0.923
0.561
0.423
0.947
0.812
0.408
0.753
0.569
0.343
0.323
0.614
0.513
0.715
0.834
0.241
0.800
